1183.86,-2370.58
1212.52,-2273.12
1209.65,-2178.52
1169.52,-2066.73
1106.46,-1975.00
1020.47,-1889.01
971.74,-1820.21
957.40,-1751.42
943.07,-1702.69
954.54,-1639.63
986.07,-1570.83
1017.60,-1539.30
1074.93,-1476.24
1117.93,-1361.58
1149.46,-1212.52
1160.92,-1074.93
1140.86,-968.87
1089.26,-854.21
1049.13,-759.62
997.53,-650.69
957.40,-576.16
911.54,-493.03
880.01,-435.70
842.74,-366.91
773.95,-326.78
702.29,-286.65
627.76,-255.12
561.83,-229.32
504.50,-189.19
444.30,-151.92
418.51,-126.13
359.10,-28.89
342.59,37.15
342.59,132.08
354.98,231.15
371.49,346.72
367.36,454.04
388.00,577.87
445.78,705.82
478.80,767.74
532.46,780.12
598.51,767.74
652.16,726.46
763.61,742.97
866.80,796.63
920.46,829.65
953.48,837.91
1027.78,850.29
1130.97,883.31
1188.76,895.69
1267.18,908.08
1386.88,908.08
1465.31,916.33
1572.63,953.48
1712.96,990.63
1836.79,1031.91
1919.35,1048.42
2001.90,1064.93
2072.07,1073.18
2162.88,1060.80
2249.56,1011.27
2319.73,949.35
2418.79,837.91
2509.60,788.38
2604.53,747.10
2666.45,718.21
2757.25,664.55
2856.32,586.12
2934.74,507.70
2988.40,454.04
3042.06,371.49
3095.72,239.40
3165.89,132.08
3215.42,78.42
3289.72,61.91
3359.89,45.40
3417.67,20.64
3496.10,-4.13
3566.27,-24.77
3648.82,-49.53
3731.37,-90.81
3826.31,-94.94
3900.61,-103.19
3987.29,-111.45
4078.09,-107.32
4168.90,-99.06
4243.20,-82.55
4420.69,-4.13
4453.71,33.02
4507.37,74.30
4577.54,99.06
4639.45,99.06
4709.62,61.91
4730.26,4.13
4878.85,-37.15
5200.81,-37.15
5692.00,-41.28
6232.72,-78.42
6562.93,-78.42
6595.95,-78.42
6979.82,-86.68
7281.13,-8.26
7326.54,284.81
7343.05,466.42
7433.85,689.31
7458.62,809.01
7499.90,936.97
7501.19,998.57
7566.57,1283.88
7590.35,1462.20
7441.75,1723.73
7370.42,1842.61
7168.33,2020.92
7037.57,2104.14
6871.14,2193.30
6746.31,2347.84
6686.88,2543.98
6674.99,2817.40
6704.71,3031.38
6758.20,3221.59
6835.47,3453.40
6924.63,3607.94
7031.62,3708.99
7108.89,3815.98
7237.53,3821.97
7340.38,3913.21
7451.52,3987.86
7542.76,4064.16
7642.29,4165.35
7733.52,4225.07
7833.05,4288.11
7919.31,4334.56
8090.17,4487.17
8188.05,4555.18
8221.22,4586.70
8294.21,4643.10
8395.40,4704.48
8481.66,4750.92
8611.05,4784.10
8750.39,4804.01
8828.36,4755.90
8924.57,4694.52
9082.16,4596.65
9138.56,4553.52
9206.58,4493.80
9259.66,4429.11
9350.89,4346.17
9384.07,4308.01
9439.45,4220.08
9554.90,4170.32
9610.64,4132.49
9642.49,4188.23
9618.60,4261.88
9570.83,4335.54
9590.73,4367.39
9704.20,4321.60
9803.73,4285.77
9871.41,4299.71
9907.24,4321.60
9953.02,4325.58
10066.49,4305.68
10211.80,4253.92
10295.41,4281.79
10373.04,4271.84
10440.72,4245.96
10419.65,4139.20
10428.25,4030.27
10436.85,3944.28
10416.79,3823.88
10522.85,3726.42
10626.04,3737.89
10697.70,3812.42
10766.50,3872.61
10835.29,3901.28
10975.75,3875.48
11073.21,3855.41
11153.47,3852.55
11273.86,3823.88
11506.05,3783.75
11657.97,3755.09
11723.90,3709.22
11827.09,3680.56
11913.09,3651.89
11936.02,3611.76
11981.82,3563.19
12048.17,3554.90
12121.16,3536.65
12189.17,3501.82
12323.54,3428.83
12388.24,3377.40
12467.86,3330.96
12520.94,3277.87
12579.00,3218.15
12647.01,3165.07
12743.23,3100.38
12842.76,3032.36
12905.79,2987.58
12965.51,2954.40
13020.25,2914.59
13068.36,2891.36
13130.93,2828.27
13264.70,2737.50
13374.58,2613.29
13446.24,2544.01
13529.85,2419.80
13611.06,2297.97
13689.89,2176.15
13752.00,2051.93
13785.44,1953.99
13857.11,1896.66
13926.38,1865.61
13969.38,1841.72
13959.54,1799.37
13961.85,1659.99
13996.41,1551.70
14028.66,1445.72
14055.16,1377.75
14096.63,1228.00
14164.59,1084.00
14194.54,1027.56
14254.45,926.18
14295.92,880.10
14365.04,831.72
14411.11,782.19
14424.94,706.16
14428.39,639.34
14421.48,588.66
14388.07,556.40
14345.45,524.15
14316.65,446.96
14286.70,396.28
14254.45,344.44
14830.00,244.84
14312.45,320.49
14447.81,316.51
14551.32,296.60
14628.95,296.60
14712.56,290.63
14788.20,290.63
14847.92,340.39
14841.95,412.06
14857.87,481.73
14885.74,543.43
14895.69,617.09
14901.66,832.07
14899.67,965.44
14909.63,1080.90
14941.48,1226.21
14975.32,1415.32
14977.31,1568.60
15023.09,1709.93
15116.65,1869.18
15271.92,2016.48
15381.40,2106.06
15484.91,2187.67
15562.54,2261.33
15715.82,2394.70
15817.34,2464.37
16027.57,2703.60
16271.10,2728.36
16498.12,2777.89
16679.74,2823.30
16840.71,2889.34
16997.56,2934.74
17170.93,2976.02
17402.07,3033.81
17591.94,3079.21
17794.20,3124.61
18012.96,3153.51
18215.21,3165.89
18801.34,3083.34
18995.34,2947.13
19065.51,2872.83
19337.93,2897.59
19647.50,2848.06
19754.82,2753.13
19977.71,2691.21
20171.71,2571.51
20287.28,2480.70
20402.86,2361.00
20605.11,2125.73
20683.53,1973.01
20662.90,1787.26
20782.60,1667.56
20927.06,1626.28
21037.67,1490.58
21140.39,1385.47
21145.16,1172.87
21152.33,1017.61
21243.10,764.40
21281.32,504.03
21259.82,300.98
21259.82,109.88
21228.77,-45.39
21123.67,-160.05
20963.62,-191.10
20858.51,-167.21
20765.35,-253.21
20693.69,-324.87
20704.17,-503.57
20609.24,-714.08
20613.37,-1011.27
20642.26,-1391.01
20662.90,-1659.31
20691.79,-1960.62
20691.79,-2241.30
20626.21,-2351.40
20533.59,-2567.04
20497.65,-2724.63
20445.12,-2813.10
20335.91,-2983.14
20316.56,-3014.93
20294.21,-3137.19
20123.02,-3407.91
20053.35,-3513.42
20051.36,-3529.34
19960.79,-3763.07
19819.76,-3941.94
19699.37,-4024.49
19589.30,-4289.35
19468.90,-4530.13
19348.51,-4664.28
19183.41,-4757.15
19071.73,-4959.03
18914.08,-5138.19
18782.70,-5240.90
18648.93,-5319.73
18488.88,-5400.95
18297.78,-5455.89
18161.62,-5484.56
17994.41,-5479.78
17817.64,-5432.00
17640.88,-5391.40
17497.55,-5367.51
17344.67,-5353.18
17146.41,-5381.84
17038.91,-5398.56
16900.37,-5393.78
16768.98,-5336.45
16666.27,-5291.07
16568.33,-5231.35
16439.34,-5152.52
16315.12,-5071.30
16121.63,-4987.70
16021.31,-4901.70
15918.59,-4755.99
15866.04,-4650.89
15789.60,-4586.39
15744.21,-4548.17
15658.22,-4507.56
15479.06,-4299.74
15340.52,-4283.02
15240.19,-4201.80
15158.97,-4077.59
15106.42,-3946.21
15018.04,-3843.49
15003.70,-3657.17
14948.76,-3525.79
14898.60,-3377.68
14862.77,-3196.14
14800.66,-3059.98
14760.05,-2990.71
14631.06,-2723.17
14564.17,-2646.73
14542.67,-2541.62
14592.84,-2453.24
14645.39,-2376.80
14614.34,-2238.25
14583.28,-2195.26
14625.76,-2160.15
14787.42,-2087.92
14759.91,-1974.41
14718.63,-1850.58
14725.51,-1702.67
14780.54,-1520.36
14811.50,-1451.57
14780.54,-1358.70
14756.47,-1141.99
14735.83,-935.61
14773.67,-780.82
14782.23,-696.71
14788.20,-591.21
14792.18,-467.79
14796.16,-322.48
14810.10,-193.09
14824.03,-61.71
14843.94,73.65
14831.99,155.27
14790.19,212.99
14652.84,256.79
14525.44,268.73
14417.95,296.60
14296.52,306.55
14210.92,312.52
14075.56,324.47
13974.04,318.50
13858.59,209.01
13796.88,81.61
13816.78,-155.27
13860.58,-340.39
14001.91,-593.20
14117.37,-851.98
14165.14,-941.56
14183.06,-1039.10
14218.89,-1138.63
14218.89,-1228.20
14228.84,-1379.49
14220.88,-1618.36
14214.91,-1705.95
14230.83,-1883.11
14222.87,-2030.42
14208.93,-2189.66
14145.23,-2315.07
14059.64,-2508.16
13993.95,-2685.33
13966.08,-2774.90
13902.38,-2830.64
13868.54,-2932.16
13840.67,-3093.40
13828.73,-3212.84
13741.14,-3453.70
13681.42,-3604.98
13595.83,-3728.40
13484.35,-3819.97
13253.44,-4017.04
13161.88,-4148.42
13132.02,-4234.02
13018.55,-4389.28
12897.13,-4494.78
12811.53,-4532.61
12702.05,-4574.41
12556.73,-4636.12
12504.98,-4729.68
12469.15,-4825.22
12278.05,-4938.69
12120.79,-5093.96
12041.17,-5103.91
11897.84,-5137.75
11726.65,-5183.53
11601.24,-5201.45
11485.79,-5197.47
11326.54,-5189.51
11223.03,-5169.60
11089.66,-5117.84
10964.25,-5058.13
10876.66,-4988.45
10747.27,-4863.05
10609.92,-4769.49
10512.38,-4709.77
10444.70,-4669.96
10375.03,-4588.34
10323.27,-4558.48
10265.55,-4500.76
10323.27,-4456.96
10367.07,-4437.06
10404.89,-4375.35
10412.85,-4323.59
10420.81,-4241.98
10373.04,-4138.47
10291.42,-4094.67
10219.76,-4062.82
10108.29,-4038.94
9994.82,-4058.84
9917.19,-4126.52
9795.76,-4188.23
9704.20,-4126.52
9680.31,-4052.87
9646.47,-3947.37
9572.82,-3853.81
9469.30,-3784.14
9393.66,-3742.34
9318.02,-3712.48
9210.53,-3680.63
9061.23,-3593.04
8957.72,-3535.31
8848.24,-3477.59
8690.98,-3429.81
8569.55,-3378.06
8474.00,-3324.31
8362.53,-3258.62
8241.10,-3169.04
8171.43,-3083.45
8081.85,-2950.08
7968.39,-2798.79
7906.68,-2705.23
7848.95,-2585.80
7763.36,-2480.29
7699.66,-2438.49
7633.97,-2374.79
7576.11,-2184.26
7636.30,-2101.13
7501.58,-1972.14
7415.58,-1923.41
7432.78,-1820.21
7461.45,-1728.49
7449.98,-1648.23
7427.05,-1570.83
7401.25,-1499.17
7399.08,-1399.39
7418.98,-1289.91
7391.11,-1168.48
7335.38,-1037.10
7293.57,-877.86
7259.73,-770.36
7255.75,-603.15
7221.91,-487.70
7178.12,-328.45
7194.04,-242.85
7130.40,-188.71
6924.97,-93.16
6819.86,-102.72
6626.38,-114.66
6284.79,-121.83
5914.53,-145.71
5286.29,-205.43
4801.38,-100.33
4689.10,-119.44
4658.05,-188.71
4693.88,-253.21
4770.32,-281.87
4877.82,-652.13
4911.26,-773.95
4927.98,-876.67
4861.09,-957.89
4796.60,-1015.22
4812.00,-1119.71
4763.62,-1195.74
4752.56,-1317.39
4762.23,-1383.74
4727.67,-1497.10
4737.35,-1638.10
4716.62,-1741.77
4683.44,-1802.60
4599.12,-1862.04
4579.76,-1873.10
4554.88,-1954.66
4516.17,-2066.63
4463.64,-2135.75
4382.08,-2249.10
4346.14,-2330.66
4217.58,-2463.37
4183.02,-2604.37
4141.55,-2692.84
4077.97,-2806.19
3989.49,-2883.61
3909.32,-2920.93
3863.70,-2981.75
3851.26,-3075.75
3836.05,-3208.46
3840.20,-3363.28
3860.93,-3489.08
3852.64,-3623.17
3813.93,-3697.82
3733.76,-3765.55
3661.87,-3816.70
3584.46,-3842.96
3486.31,-3873.38
3408.90,-3901.02
3367.43,-3934.20
3367.43,-3996.41
3348.08,-4109.76
3277.58,-4154.00
3209.84,-4187.17
3107.55,-4239.70
3003.87,-4260.44
2937.52,-4307.44
2878.08,-4322.64
2802.05,-4308.82
2714.96,-4288.08
2667.96,-4271.50
2573.96,-4242.47
2484.10,-4248.00
2406.69,-4224.50
2289.19,-4239.70
2200.72,-4293.61
2134.37,-4307.44
2037.60,-4231.41
2003.04,-4152.61
2022.39,-4064.14
2048.66,-4017.14
2022.39,-3935.58
1969.86,-3883.05
1920.10,-3858.17
1874.48,-3834.67
1795.69,-3824.99
1770.80,-3793.20
1748.69,-3736.52
1732.10,-3678.46
1672.66,-3613.49
1656.07,-3556.82
1651.92,-3509.81
1604.92,-3494.61
1592.48,-3460.05
1573.13,-3393.70
1577.27,-3284.49
1593.86,-3234.72
1574.51,-3164.22
1539.95,-3149.02
1492.95,-3125.52
1440.42,-3102.02
1410.01,-3086.81
1380.98,-3074.37
1318.58,-3015.54
1241.19,-2909.48
1189.59,-2872.21
1166.66,-2832.08
1152.32,-2743.22
1137.99,-2665.83
1143.73,-2548.30
1186.72,-2470.91
1203.92,-2364.85
