3809.80,49.53
3826.31,-49.53
3826.31,-123.83
3747.88,-198.13
3657.08,-293.06
3570.40,-383.87
3438.31,-491.19
3351.63,-553.10
3153.51,-573.74
3029.68,-602.63
2918.23,-643.91
2802.66,-730.59
2699.47,-887.44
2621.04,-1003.01
2509.60,-1077.31
2451.81,-1106.20
2319.73,-1114.46
2270.19,-1064.93
2195.90,-1036.03
2146.37,-1126.84
2084.45,-1201.14
1939.98,-1267.18
1824.41,-1341.48
1679.94,-1337.35
1543.73,-1300.20
1432.29,-1333.22
1357.99,-1362.12
1279.56,-1424.03
1209.39,-1432.29
1110.33,-1382.75
1027.78,-1378.63
891.57,-1432.29
833.78,-1461.18
771.87,-1461.18
693.44,-1457.05
606.76,-1428.16
540.72,-1403.39
482.93,-1395.14
383.87,-1370.37
288.93,-1357.99
189.87,-1324.97
78.42,-1312.59
-12.38,-1312.59
-123.83,-1296.07
-321.95,-1279.56
-404.51,-1312.59
-507.70,-1403.39
-586.12,-1424.03
-697.57,-1411.65
-755.36,-1391.01
-858.55,-1378.63
-916.33,-1391.01
-1056.67,-1477.69
-1225.90,-1411.65
-1419.90,-1428.16
-1514.84,-1539.60
-1779.01,-1568.50
-1927.60,-1473.56
-2249.56,-1324.97
-2257.81,-1300.20
-2431.17,-1073.18
-2505.47,-916.33
-2517.85,-734.72
-2484.83,-582.00
-2344.49,-396.25
-2241.30,-268.30
-2084.45,-173.36
-2001.90,-111.45
-1845.05,8.26
-1745.99,107.32
-1580.88,462.29
-1523.09,577.87
-1485.95,701.70
-1424.03,854.42
-1357.99,990.63
-1250.67,1097.95
-1184.63,1143.35
-1060.80,1250.67
-899.82,1403.39
-821.40,1473.56
-664.55,1556.12
-499.44,1618.03
-392.12,1655.18
-251.79,1696.45
-82.55,1729.48
82.55,1750.11
284.81,1787.26
363.23,1816.16
470.55,1845.05
594.38,1878.07
747.10,1911.09
920.46,1931.73
1122.71,1939.98
1254.80,1911.09
1424.03,1886.33
1626.28,1840.92
1919.35,1849.18
2026.66,1857.43
2204.15,1882.20
2332.11,1894.58
2406.41,1795.52
2460.07,1663.43
2472.45,1506.58
2484.83,1399.27
2575.64,1345.61
2604.53,1188.76
2678.83,1135.10
2744.87,1102.08
2893.47,1081.44
3037.93,1052.54
3137.00,1011.27
3178.27,908.08
3236.06,767.74
3322.74,652.16
3446.57,610.89
3553.89,524.21
3673.59,466.42
3735.50,416.89
3809.80,338.47
3838.69,255.91
3813.93,169.23
3809.80,103.19
