-2.747749508196721308e+03,-4.538506557377049262e+02
-2.747749508196721308e+03,-6.538506557377049830e+02
-2.747749508196721308e+03,-8.538506557377049830e+02
-2.747749508196721308e+03,-1.053850655737704983e+03
-2.547749508196721308e+03,-1.453850655737704983e+03
-2.547749508196721308e+03,-1.253850655737704983e+03
-2.547749508196721308e+03,-1.053850655737704983e+03
-2.547749508196721308e+03,-8.538506557377049830e+02
-2.547749508196721308e+03,-6.538506557377049830e+02
-2.547749508196721308e+03,-4.538506557377049262e+02
-2.547749508196721308e+03,-2.538506557377049546e+02
-2.347749508196721308e+03,-5.385065573770494751e+01
-2.347749508196721308e+03,-2.538506557377049546e+02
-2.347749508196721308e+03,-4.538506557377049262e+02
-2.347749508196721308e+03,-6.538506557377049830e+02
-2.347749508196721308e+03,-8.538506557377049830e+02
-2.347749508196721308e+03,-1.053850655737704983e+03
-2.347749508196721308e+03,-1.253850655737704983e+03
-2.347749508196721308e+03,-1.453850655737704983e+03
-2.147749508196721308e+03,-1.653850655737704983e+03
-2.147749508196721308e+03,-1.453850655737704983e+03
-2.147749508196721308e+03,-1.253850655737704983e+03
-2.147749508196721308e+03,-1.053850655737704983e+03
-2.147749508196721308e+03,-8.538506557377049830e+02
-2.147749508196721308e+03,-6.538506557377049830e+02
-2.147749508196721308e+03,-4.538506557377049262e+02
-2.147749508196721308e+03,-2.538506557377049546e+02
-2.147749508196721308e+03,-5.385065573770494751e+01
-2.147749508196721308e+03,1.461493442622950454e+02
-1.947749508196721308e+03,5.461493442622950170e+02
-1.947749508196721308e+03,3.461493442622950738e+02
-1.947749508196721308e+03,1.461493442622950454e+02
-1.947749508196721308e+03,-5.385065573770494751e+01
-1.947749508196721308e+03,-2.538506557377049546e+02
-1.947749508196721308e+03,-4.538506557377049262e+02
-1.947749508196721308e+03,-6.538506557377049830e+02
-1.947749508196721308e+03,-8.538506557377049830e+02
-1.947749508196721308e+03,-1.053850655737704983e+03
-1.947749508196721308e+03,-1.253850655737704983e+03
-1.947749508196721308e+03,-1.453850655737704983e+03
-1.947749508196721308e+03,-1.653850655737704983e+03
-1.747749508196721308e+03,-1.453850655737704983e+03
-1.747749508196721308e+03,-1.253850655737704983e+03
-1.747749508196721308e+03,-1.053850655737704983e+03
-1.747749508196721308e+03,-8.538506557377049830e+02
-1.747749508196721308e+03,-6.538506557377049830e+02
-1.747749508196721308e+03,-4.538506557377049262e+02
-1.747749508196721308e+03,-2.538506557377049546e+02
-1.747749508196721308e+03,-5.385065573770494751e+01
-1.747749508196721308e+03,1.461493442622950454e+02
-1.747749508196721308e+03,3.461493442622950738e+02
-1.747749508196721308e+03,5.461493442622950170e+02
-1.747749508196721308e+03,7.461493442622950170e+02
-1.747749508196721308e+03,9.461493442622950170e+02
-1.547749508196721308e+03,1.146149344262295017e+03
-1.547749508196721308e+03,9.461493442622950170e+02
-1.547749508196721308e+03,7.461493442622950170e+02
-1.547749508196721308e+03,5.461493442622950170e+02
-1.547749508196721308e+03,3.461493442622950738e+02
-1.547749508196721308e+03,1.461493442622950454e+02
-1.547749508196721308e+03,-5.385065573770494751e+01
-1.547749508196721308e+03,-2.538506557377049546e+02
-1.547749508196721308e+03,-4.538506557377049262e+02
-1.547749508196721308e+03,-6.538506557377049830e+02
-1.547749508196721308e+03,-8.538506557377049830e+02
-1.547749508196721308e+03,-1.053850655737704983e+03
-1.547749508196721308e+03,-1.253850655737704983e+03
-1.547749508196721308e+03,-1.453850655737704983e+03
-1.347749508196721308e+03,-1.453850655737704983e+03
-1.347749508196721308e+03,-1.253850655737704983e+03
-1.347749508196721308e+03,-1.053850655737704983e+03
-1.347749508196721308e+03,-8.538506557377049830e+02
-1.347749508196721308e+03,-6.538506557377049830e+02
-1.347749508196721308e+03,-4.538506557377049262e+02
-1.347749508196721308e+03,-2.538506557377049546e+02
-1.347749508196721308e+03,-5.385065573770494751e+01
-1.347749508196721308e+03,1.461493442622950454e+02
-1.347749508196721308e+03,3.461493442622950738e+02
-1.347749508196721308e+03,5.461493442622950170e+02
-1.347749508196721308e+03,7.461493442622950170e+02
-1.347749508196721308e+03,9.461493442622950170e+02
-1.347749508196721308e+03,1.146149344262295017e+03
-1.347749508196721308e+03,1.346149344262295017e+03
-1.147749508196721308e+03,1.546149344262295017e+03
-1.147749508196721308e+03,1.346149344262295017e+03
-1.147749508196721308e+03,1.146149344262295017e+03
-1.147749508196721308e+03,9.461493442622950170e+02
-1.147749508196721308e+03,7.461493442622950170e+02
-1.147749508196721308e+03,5.461493442622950170e+02
-1.147749508196721308e+03,3.461493442622950738e+02
-1.147749508196721308e+03,1.461493442622950454e+02
-1.147749508196721308e+03,-5.385065573770494751e+01
-1.147749508196721308e+03,-2.538506557377049546e+02
-1.147749508196721308e+03,-4.538506557377049262e+02
-1.147749508196721308e+03,-6.538506557377049830e+02
-1.147749508196721308e+03,-8.538506557377049830e+02
-1.147749508196721308e+03,-1.053850655737704983e+03
-1.147749508196721308e+03,-1.253850655737704983e+03
-1.147749508196721308e+03,-1.453850655737704983e+03
-9.477495081967214219e+02,-1.453850655737704983e+03
-9.477495081967214219e+02,-1.253850655737704983e+03
-9.477495081967214219e+02,-1.053850655737704983e+03
-9.477495081967214219e+02,-8.538506557377049830e+02
-9.477495081967214219e+02,-6.538506557377049830e+02
-9.477495081967214219e+02,-4.538506557377049262e+02
-9.477495081967214219e+02,-2.538506557377049546e+02
-9.477495081967214219e+02,-5.385065573770494751e+01
-9.477495081967214219e+02,1.461493442622950454e+02
-9.477495081967214219e+02,3.461493442622950738e+02
-9.477495081967214219e+02,5.461493442622950170e+02
-9.477495081967214219e+02,7.461493442622950170e+02
-9.477495081967214219e+02,9.461493442622950170e+02
-9.477495081967214219e+02,1.146149344262295017e+03
-9.477495081967214219e+02,1.346149344262295017e+03
-9.477495081967214219e+02,1.546149344262295017e+03
-7.477495081967214219e+02,1.746149344262295017e+03
-7.477495081967214219e+02,1.546149344262295017e+03
-7.477495081967214219e+02,1.346149344262295017e+03
-7.477495081967214219e+02,1.146149344262295017e+03
-7.477495081967214219e+02,9.461493442622950170e+02
-7.477495081967214219e+02,7.461493442622950170e+02
-7.477495081967214219e+02,5.461493442622950170e+02
-7.477495081967214219e+02,3.461493442622950738e+02
-7.477495081967214219e+02,1.461493442622950454e+02
-7.477495081967214219e+02,-5.385065573770494751e+01
-7.477495081967214219e+02,-2.538506557377049546e+02
-7.477495081967214219e+02,-4.538506557377049262e+02
-7.477495081967214219e+02,-6.538506557377049830e+02
-7.477495081967214219e+02,-8.538506557377049830e+02
-7.477495081967214219e+02,-1.053850655737704983e+03
-7.477495081967214219e+02,-1.253850655737704983e+03
-7.477495081967214219e+02,-1.453850655737704983e+03
-5.477495081967214219e+02,-1.253850655737704983e+03
-5.477495081967214219e+02,-1.053850655737704983e+03
-5.477495081967214219e+02,-8.538506557377049830e+02
-5.477495081967214219e+02,-6.538506557377049830e+02
-5.477495081967214219e+02,-4.538506557377049262e+02
-5.477495081967214219e+02,-2.538506557377049546e+02
-5.477495081967214219e+02,-5.385065573770494751e+01
-5.477495081967214219e+02,1.461493442622950454e+02
-5.477495081967214219e+02,3.461493442622950738e+02
-5.477495081967214219e+02,5.461493442622950170e+02
-5.477495081967214219e+02,7.461493442622950170e+02
-5.477495081967214219e+02,9.461493442622950170e+02
-5.477495081967214219e+02,1.146149344262295017e+03
-5.477495081967214219e+02,1.346149344262295017e+03
-5.477495081967214219e+02,1.546149344262295017e+03
-5.477495081967214219e+02,1.746149344262295017e+03
-3.477495081967214219e+02,1.746149344262295017e+03
-3.477495081967214219e+02,1.546149344262295017e+03
-3.477495081967214219e+02,1.346149344262295017e+03
-3.477495081967214219e+02,1.146149344262295017e+03
-3.477495081967214219e+02,9.461493442622950170e+02
-3.477495081967214219e+02,7.461493442622950170e+02
-3.477495081967214219e+02,5.461493442622950170e+02
-3.477495081967214219e+02,3.461493442622950738e+02
-3.477495081967214219e+02,1.461493442622950454e+02
-3.477495081967214219e+02,-5.385065573770494751e+01
-3.477495081967214219e+02,-2.538506557377049546e+02
-3.477495081967214219e+02,-4.538506557377049262e+02
-3.477495081967214219e+02,-6.538506557377049830e+02
-3.477495081967214219e+02,-8.538506557377049830e+02
-3.477495081967214219e+02,-1.053850655737704983e+03
-3.477495081967214219e+02,-1.253850655737704983e+03
-1.477495081967214219e+02,-1.253850655737704983e+03
-1.477495081967214219e+02,-1.053850655737704983e+03
-1.477495081967214219e+02,-8.538506557377049830e+02
-1.477495081967214219e+02,-6.538506557377049830e+02
-1.477495081967214219e+02,-4.538506557377049262e+02
-1.477495081967214219e+02,-2.538506557377049546e+02
-1.477495081967214219e+02,-5.385065573770494751e+01
-1.477495081967214219e+02,1.461493442622950454e+02
-1.477495081967214219e+02,3.461493442622950738e+02
-1.477495081967214219e+02,5.461493442622950170e+02
-1.477495081967214219e+02,7.461493442622950170e+02
-1.477495081967214219e+02,9.461493442622950170e+02
-1.477495081967214219e+02,1.146149344262295017e+03
-1.477495081967214219e+02,1.346149344262295017e+03
-1.477495081967214219e+02,1.546149344262295017e+03
-1.477495081967214219e+02,1.746149344262295017e+03
5.225049180327857812e+01,1.746149344262295017e+03
5.225049180327857812e+01,1.546149344262295017e+03
5.225049180327857812e+01,1.346149344262295017e+03
5.225049180327857812e+01,1.146149344262295017e+03
5.225049180327857812e+01,9.461493442622950170e+02
5.225049180327857812e+01,7.461493442622950170e+02
5.225049180327857812e+01,5.461493442622950170e+02
5.225049180327857812e+01,3.461493442622950738e+02
5.225049180327857812e+01,1.461493442622950454e+02
5.225049180327857812e+01,-5.385065573770494751e+01
5.225049180327857812e+01,-2.538506557377049546e+02
5.225049180327857812e+01,-4.538506557377049262e+02
5.225049180327857812e+01,-6.538506557377049830e+02
5.225049180327857812e+01,-8.538506557377049830e+02
5.225049180327857812e+01,-1.053850655737704983e+03
5.225049180327857812e+01,-1.253850655737704983e+03
5.225049180327857812e+01,-1.453850655737704983e+03
2.522504918032785781e+02,-1.453850655737704983e+03
2.522504918032785781e+02,-1.253850655737704983e+03
2.522504918032785781e+02,-1.053850655737704983e+03
2.522504918032785781e+02,-8.538506557377049830e+02
2.522504918032785781e+02,-6.538506557377049830e+02
2.522504918032785781e+02,-4.538506557377049262e+02
2.522504918032785781e+02,-2.538506557377049546e+02
2.522504918032785781e+02,-5.385065573770494751e+01
2.522504918032785781e+02,1.461493442622950454e+02
2.522504918032785781e+02,3.461493442622950738e+02
2.522504918032785781e+02,5.461493442622950170e+02
2.522504918032785781e+02,7.461493442622950170e+02
2.522504918032785781e+02,9.461493442622950170e+02
2.522504918032785781e+02,1.146149344262295017e+03
2.522504918032785781e+02,1.346149344262295017e+03
2.522504918032785781e+02,1.546149344262295017e+03
2.522504918032785781e+02,1.746149344262295017e+03
2.522504918032785781e+02,1.946149344262295017e+03
4.522504918032785781e+02,1.946149344262295017e+03
4.522504918032785781e+02,1.746149344262295017e+03
4.522504918032785781e+02,1.546149344262295017e+03
4.522504918032785781e+02,1.346149344262295017e+03
4.522504918032785781e+02,1.146149344262295017e+03
4.522504918032785781e+02,9.461493442622950170e+02
4.522504918032785781e+02,7.461493442622950170e+02
4.522504918032785781e+02,5.461493442622950170e+02
4.522504918032785781e+02,3.461493442622950738e+02
4.522504918032785781e+02,1.461493442622950454e+02
4.522504918032785781e+02,-5.385065573770494751e+01
4.522504918032785781e+02,-2.538506557377049546e+02
4.522504918032785781e+02,-4.538506557377049262e+02
4.522504918032785781e+02,-6.538506557377049830e+02
4.522504918032785781e+02,-8.538506557377049830e+02
4.522504918032785781e+02,-1.053850655737704983e+03
4.522504918032785781e+02,-1.253850655737704983e+03
4.522504918032785781e+02,-1.453850655737704983e+03
6.522504918032785781e+02,-1.453850655737704983e+03
6.522504918032785781e+02,-1.253850655737704983e+03
6.522504918032785781e+02,-1.053850655737704983e+03
6.522504918032785781e+02,-8.538506557377049830e+02
6.522504918032785781e+02,-6.538506557377049830e+02
6.522504918032785781e+02,-4.538506557377049262e+02
6.522504918032785781e+02,-2.538506557377049546e+02
6.522504918032785781e+02,-5.385065573770494751e+01
6.522504918032785781e+02,1.461493442622950454e+02
6.522504918032785781e+02,3.461493442622950738e+02
6.522504918032785781e+02,5.461493442622950170e+02
6.522504918032785781e+02,7.461493442622950170e+02
6.522504918032785781e+02,9.461493442622950170e+02
6.522504918032785781e+02,1.146149344262295017e+03
6.522504918032785781e+02,1.346149344262295017e+03
6.522504918032785781e+02,1.546149344262295017e+03
6.522504918032785781e+02,1.746149344262295017e+03
6.522504918032785781e+02,1.946149344262295017e+03
8.522504918032786918e+02,1.946149344262295017e+03
8.522504918032786918e+02,1.746149344262295017e+03
8.522504918032786918e+02,1.546149344262295017e+03
8.522504918032786918e+02,1.346149344262295017e+03
8.522504918032786918e+02,1.146149344262295017e+03
8.522504918032786918e+02,9.461493442622950170e+02
8.522504918032786918e+02,7.461493442622950170e+02
8.522504918032786918e+02,5.461493442622950170e+02
8.522504918032786918e+02,3.461493442622950738e+02
8.522504918032786918e+02,1.461493442622950454e+02
8.522504918032786918e+02,-5.385065573770494751e+01
8.522504918032786918e+02,-2.538506557377049546e+02
8.522504918032786918e+02,-4.538506557377049262e+02
8.522504918032786918e+02,-6.538506557377049830e+02
8.522504918032786918e+02,-8.538506557377049830e+02
8.522504918032786918e+02,-1.053850655737704983e+03
8.522504918032786918e+02,-1.253850655737704983e+03
8.522504918032786918e+02,-1.453850655737704983e+03
1.052250491803278692e+03,-1.453850655737704983e+03
1.052250491803278692e+03,-1.253850655737704983e+03
1.052250491803278692e+03,-1.053850655737704983e+03
1.052250491803278692e+03,-8.538506557377049830e+02
1.052250491803278692e+03,-6.538506557377049830e+02
1.052250491803278692e+03,-4.538506557377049262e+02
1.052250491803278692e+03,-2.538506557377049546e+02
1.052250491803278692e+03,-5.385065573770494751e+01
1.052250491803278692e+03,1.461493442622950454e+02
1.052250491803278692e+03,3.461493442622950738e+02
1.052250491803278692e+03,5.461493442622950170e+02
1.052250491803278692e+03,7.461493442622950170e+02
1.052250491803278692e+03,9.461493442622950170e+02
1.052250491803278692e+03,1.146149344262295017e+03
1.052250491803278692e+03,1.346149344262295017e+03
1.052250491803278692e+03,1.546149344262295017e+03
1.052250491803278692e+03,1.746149344262295017e+03
1.052250491803278692e+03,1.946149344262295017e+03
1.252250491803278692e+03,1.946149344262295017e+03
1.252250491803278692e+03,1.746149344262295017e+03
1.252250491803278692e+03,1.546149344262295017e+03
1.252250491803278692e+03,1.346149344262295017e+03
1.252250491803278692e+03,1.146149344262295017e+03
1.252250491803278692e+03,9.461493442622950170e+02
1.252250491803278692e+03,7.461493442622950170e+02
1.252250491803278692e+03,5.461493442622950170e+02
1.252250491803278692e+03,3.461493442622950738e+02
1.252250491803278692e+03,1.461493442622950454e+02
1.252250491803278692e+03,-5.385065573770494751e+01
1.252250491803278692e+03,-2.538506557377049546e+02
1.252250491803278692e+03,-4.538506557377049262e+02
1.252250491803278692e+03,-6.538506557377049830e+02
1.252250491803278692e+03,-8.538506557377049830e+02
1.252250491803278692e+03,-1.053850655737704983e+03
1.252250491803278692e+03,-1.253850655737704983e+03
1.452250491803278692e+03,-1.253850655737704983e+03
1.452250491803278692e+03,-1.053850655737704983e+03
1.452250491803278692e+03,-8.538506557377049830e+02
1.452250491803278692e+03,-6.538506557377049830e+02
1.452250491803278692e+03,-4.538506557377049262e+02
1.452250491803278692e+03,-2.538506557377049546e+02
1.452250491803278692e+03,-5.385065573770494751e+01
1.452250491803278692e+03,1.461493442622950454e+02
1.452250491803278692e+03,3.461493442622950738e+02
1.452250491803278692e+03,5.461493442622950170e+02
1.452250491803278692e+03,7.461493442622950170e+02
1.452250491803278692e+03,9.461493442622950170e+02
1.452250491803278692e+03,1.146149344262295017e+03
1.452250491803278692e+03,1.346149344262295017e+03
1.452250491803278692e+03,1.546149344262295017e+03
1.452250491803278692e+03,1.746149344262295017e+03
1.452250491803278692e+03,1.946149344262295017e+03
1.652250491803278692e+03,1.946149344262295017e+03
1.652250491803278692e+03,1.746149344262295017e+03
1.652250491803278692e+03,1.546149344262295017e+03
1.652250491803278692e+03,1.346149344262295017e+03
1.652250491803278692e+03,1.146149344262295017e+03
1.652250491803278692e+03,9.461493442622950170e+02
1.652250491803278692e+03,7.461493442622950170e+02
1.652250491803278692e+03,5.461493442622950170e+02
1.652250491803278692e+03,3.461493442622950738e+02
1.652250491803278692e+03,1.461493442622950454e+02
1.652250491803278692e+03,-5.385065573770494751e+01
1.652250491803278692e+03,-2.538506557377049546e+02
1.652250491803278692e+03,-4.538506557377049262e+02
1.652250491803278692e+03,-6.538506557377049830e+02
1.652250491803278692e+03,-8.538506557377049830e+02
1.652250491803278692e+03,-1.053850655737704983e+03
1.652250491803278692e+03,-1.253850655737704983e+03
1.852250491803278692e+03,-1.253850655737704983e+03
1.852250491803278692e+03,-1.053850655737704983e+03
1.852250491803278692e+03,-8.538506557377049830e+02
1.852250491803278692e+03,-6.538506557377049830e+02
1.852250491803278692e+03,-4.538506557377049262e+02
1.852250491803278692e+03,-2.538506557377049546e+02
1.852250491803278692e+03,-5.385065573770494751e+01
1.852250491803278692e+03,1.461493442622950454e+02
1.852250491803278692e+03,3.461493442622950738e+02
1.852250491803278692e+03,5.461493442622950170e+02
1.852250491803278692e+03,7.461493442622950170e+02
1.852250491803278692e+03,9.461493442622950170e+02
1.852250491803278692e+03,1.146149344262295017e+03
1.852250491803278692e+03,1.346149344262295017e+03
1.852250491803278692e+03,1.546149344262295017e+03
1.852250491803278692e+03,1.746149344262295017e+03
1.852250491803278692e+03,1.946149344262295017e+03
2.052250491803278692e+03,1.946149344262295017e+03
2.052250491803278692e+03,1.746149344262295017e+03
2.052250491803278692e+03,1.546149344262295017e+03
2.052250491803278692e+03,1.346149344262295017e+03
2.052250491803278692e+03,1.146149344262295017e+03
2.052250491803278692e+03,9.461493442622950170e+02
2.052250491803278692e+03,7.461493442622950170e+02
2.052250491803278692e+03,5.461493442622950170e+02
2.052250491803278692e+03,3.461493442622950738e+02
2.052250491803278692e+03,1.461493442622950454e+02
2.052250491803278692e+03,-5.385065573770494751e+01
2.052250491803278692e+03,-2.538506557377049546e+02
2.052250491803278692e+03,-4.538506557377049262e+02
2.052250491803278692e+03,-6.538506557377049830e+02
2.052250491803278692e+03,-8.538506557377049830e+02
2.052250491803278692e+03,-1.053850655737704983e+03
2.252250491803278692e+03,-1.053850655737704983e+03
2.252250491803278692e+03,-8.538506557377049830e+02
2.252250491803278692e+03,-6.538506557377049830e+02
2.252250491803278692e+03,-4.538506557377049262e+02
2.252250491803278692e+03,-2.538506557377049546e+02
2.252250491803278692e+03,-5.385065573770494751e+01
2.252250491803278692e+03,1.461493442622950454e+02
2.252250491803278692e+03,3.461493442622950738e+02
2.252250491803278692e+03,5.461493442622950170e+02
2.252250491803278692e+03,7.461493442622950170e+02
2.252250491803278692e+03,9.461493442622950170e+02
2.252250491803278692e+03,1.146149344262295017e+03
2.252250491803278692e+03,1.346149344262295017e+03
2.252250491803278692e+03,1.546149344262295017e+03
2.252250491803278692e+03,1.746149344262295017e+03
2.452250491803278692e+03,1.146149344262295017e+03
2.452250491803278692e+03,9.461493442622950170e+02
2.452250491803278692e+03,7.461493442622950170e+02
2.452250491803278692e+03,5.461493442622950170e+02
2.452250491803278692e+03,3.461493442622950738e+02
2.452250491803278692e+03,1.461493442622950454e+02
2.452250491803278692e+03,-5.385065573770494751e+01
2.452250491803278692e+03,-2.538506557377049546e+02
2.452250491803278692e+03,-4.538506557377049262e+02
2.452250491803278692e+03,-6.538506557377049830e+02
2.452250491803278692e+03,-8.538506557377049830e+02
2.452250491803278692e+03,-1.053850655737704983e+03
2.652250491803278692e+03,-6.538506557377049830e+02
2.652250491803278692e+03,-4.538506557377049262e+02
2.652250491803278692e+03,-2.538506557377049546e+02
2.652250491803278692e+03,-5.385065573770494751e+01
2.652250491803278692e+03,1.461493442622950454e+02
2.652250491803278692e+03,3.461493442622950738e+02
2.652250491803278692e+03,5.461493442622950170e+02
2.652250491803278692e+03,7.461493442622950170e+02
2.652250491803278692e+03,9.461493442622950170e+02
2.652250491803278692e+03,1.146149344262295017e+03
2.852250491803278692e+03,1.146149344262295017e+03
2.852250491803278692e+03,9.461493442622950170e+02
2.852250491803278692e+03,7.461493442622950170e+02
2.852250491803278692e+03,5.461493442622950170e+02
2.852250491803278692e+03,3.461493442622950738e+02
2.852250491803278692e+03,1.461493442622950454e+02
2.852250491803278692e+03,-5.385065573770494751e+01
2.852250491803278692e+03,-2.538506557377049546e+02
2.852250491803278692e+03,-4.538506557377049262e+02
2.852250491803278692e+03,-6.538506557377049830e+02
3.052250491803278692e+03,-6.538506557377049830e+02
3.052250491803278692e+03,-4.538506557377049262e+02
3.052250491803278692e+03,-2.538506557377049546e+02
3.052250491803278692e+03,-5.385065573770494751e+01
3.052250491803278692e+03,1.461493442622950454e+02
3.052250491803278692e+03,3.461493442622950738e+02
3.052250491803278692e+03,5.461493442622950170e+02
3.052250491803278692e+03,7.461493442622950170e+02
3.252250491803278692e+03,5.461493442622950170e+02
3.252250491803278692e+03,3.461493442622950738e+02
3.252250491803278692e+03,1.461493442622950454e+02
3.252250491803278692e+03,-5.385065573770494751e+01
3.252250491803278692e+03,-2.538506557377049546e+02
3.252250491803278692e+03,-4.538506557377049262e+02
3.452250491803278692e+03,-2.538506557377049546e+02
3.452250491803278692e+03,-5.385065573770494751e+01
3.452250491803278692e+03,1.461493442622950454e+02
3.452250491803278692e+03,3.461493442622950738e+02
3.452250491803278692e+03,5.461493442622950170e+02
3.652250491803278692e+03,3.461493442622950738e+02
3.652250491803278692e+03,1.461493442622950454e+02
