5.043278709677420920e+03,1.726228387096774213e+03
5.043278709677420920e+03,1.526228387096774213e+03
5.043278709677420920e+03,1.326228387096774213e+03
5.043278709677420920e+03,1.126228387096774213e+03
5.043278709677420920e+03,9.262283870967742132e+02
5.043278709677420920e+03,7.262283870967742132e+02
5.043278709677420920e+03,5.262283870967742132e+02
5.043278709677420920e+03,3.262283870967742132e+02
5.043278709677420920e+03,1.262283870967741990e+02
5.243278709677420920e+03,-7.377161290322580101e+01
5.243278709677420920e+03,1.262283870967741990e+02
5.243278709677420920e+03,3.262283870967742132e+02
5.243278709677420920e+03,5.262283870967742132e+02
5.243278709677420920e+03,7.262283870967742132e+02
5.243278709677420920e+03,9.262283870967742132e+02
5.243278709677420920e+03,1.126228387096774213e+03
5.243278709677420920e+03,1.326228387096774213e+03
5.243278709677420920e+03,1.526228387096774213e+03
5.243278709677420920e+03,1.726228387096774213e+03
5.443278709677420920e+03,1.726228387096774213e+03
5.443278709677420920e+03,1.526228387096774213e+03
5.443278709677420920e+03,1.326228387096774213e+03
5.443278709677420920e+03,1.126228387096774213e+03
5.443278709677420920e+03,9.262283870967742132e+02
5.443278709677420920e+03,7.262283870967742132e+02
5.443278709677420920e+03,5.262283870967742132e+02
5.443278709677420920e+03,3.262283870967742132e+02
5.443278709677420920e+03,1.262283870967741990e+02
5.443278709677420920e+03,-7.377161290322580101e+01
5.643278709677420920e+03,-2.737716129032257868e+02
5.643278709677420920e+03,-7.377161290322580101e+01
5.643278709677420920e+03,1.262283870967741990e+02
5.643278709677420920e+03,3.262283870967742132e+02
5.643278709677420920e+03,5.262283870967742132e+02
5.643278709677420920e+03,7.262283870967742132e+02
5.643278709677420920e+03,9.262283870967742132e+02
5.643278709677420920e+03,1.126228387096774213e+03
5.643278709677420920e+03,1.326228387096774213e+03
5.643278709677420920e+03,1.526228387096774213e+03
5.643278709677420920e+03,1.726228387096774213e+03
5.843278709677420920e+03,1.726228387096774213e+03
5.843278709677420920e+03,1.526228387096774213e+03
5.843278709677420920e+03,1.326228387096774213e+03
5.843278709677420920e+03,1.126228387096774213e+03
5.843278709677420920e+03,9.262283870967742132e+02
5.843278709677420920e+03,7.262283870967742132e+02
5.843278709677420920e+03,5.262283870967742132e+02
5.843278709677420920e+03,3.262283870967742132e+02
5.843278709677420920e+03,1.262283870967741990e+02
5.843278709677420920e+03,-7.377161290322580101e+01
5.843278709677420920e+03,-2.737716129032257868e+02
6.043278709677420920e+03,-2.737716129032257868e+02
6.043278709677420920e+03,-7.377161290322580101e+01
6.043278709677420920e+03,1.262283870967741990e+02
6.043278709677420920e+03,3.262283870967742132e+02
6.043278709677420920e+03,5.262283870967742132e+02
6.043278709677420920e+03,7.262283870967742132e+02
6.043278709677420920e+03,9.262283870967742132e+02
6.043278709677420920e+03,1.126228387096774213e+03
6.043278709677420920e+03,1.326228387096774213e+03
6.043278709677420920e+03,1.526228387096774213e+03
6.043278709677420920e+03,1.726228387096774213e+03
6.243278709677420920e+03,1.726228387096774213e+03
6.243278709677420920e+03,1.526228387096774213e+03
6.243278709677420920e+03,1.326228387096774213e+03
6.243278709677420920e+03,1.126228387096774213e+03
6.243278709677420920e+03,9.262283870967742132e+02
6.243278709677420920e+03,7.262283870967742132e+02
6.243278709677420920e+03,5.262283870967742132e+02
6.243278709677420920e+03,3.262283870967742132e+02
6.243278709677420920e+03,1.262283870967741990e+02
6.243278709677420920e+03,-7.377161290322580101e+01
6.243278709677420920e+03,-2.737716129032257868e+02
6.243278709677420920e+03,-4.737716129032257868e+02
6.443278709677420920e+03,-4.737716129032257868e+02
6.443278709677420920e+03,-2.737716129032257868e+02
6.443278709677420920e+03,-7.377161290322580101e+01
6.443278709677420920e+03,1.262283870967741990e+02
6.443278709677420920e+03,3.262283870967742132e+02
6.443278709677420920e+03,5.262283870967742132e+02
6.443278709677420920e+03,7.262283870967742132e+02
6.443278709677420920e+03,9.262283870967742132e+02
6.443278709677420920e+03,1.126228387096774213e+03
6.443278709677420920e+03,1.326228387096774213e+03
6.443278709677420920e+03,1.526228387096774213e+03
6.443278709677420920e+03,1.726228387096774213e+03
6.643278709677420920e+03,1.726228387096774213e+03
6.643278709677420920e+03,1.526228387096774213e+03
6.643278709677420920e+03,1.326228387096774213e+03
6.643278709677420920e+03,1.126228387096774213e+03
6.643278709677420920e+03,9.262283870967742132e+02
6.643278709677420920e+03,7.262283870967742132e+02
6.643278709677420920e+03,5.262283870967742132e+02
6.643278709677420920e+03,3.262283870967742132e+02
6.643278709677420920e+03,1.262283870967741990e+02
6.643278709677420920e+03,-7.377161290322580101e+01
6.643278709677420920e+03,-2.737716129032257868e+02
6.643278709677420920e+03,-4.737716129032257868e+02
6.843278709677420920e+03,-4.737716129032257868e+02
6.843278709677420920e+03,-2.737716129032257868e+02
6.843278709677420920e+03,-7.377161290322580101e+01
6.843278709677420920e+03,1.262283870967741990e+02
6.843278709677420920e+03,3.262283870967742132e+02
6.843278709677420920e+03,5.262283870967742132e+02
6.843278709677420920e+03,7.262283870967742132e+02
6.843278709677420920e+03,9.262283870967742132e+02
6.843278709677420920e+03,1.126228387096774213e+03
6.843278709677420920e+03,1.326228387096774213e+03
6.843278709677420920e+03,1.526228387096774213e+03
6.843278709677420920e+03,1.726228387096774213e+03
7.043278709677420920e+03,1.726228387096774213e+03
7.043278709677420920e+03,1.526228387096774213e+03
7.043278709677420920e+03,1.326228387096774213e+03
7.043278709677420920e+03,1.126228387096774213e+03
7.043278709677420920e+03,9.262283870967742132e+02
7.043278709677420920e+03,7.262283870967742132e+02
7.043278709677420920e+03,5.262283870967742132e+02
7.043278709677420920e+03,3.262283870967742132e+02
7.043278709677420920e+03,1.262283870967741990e+02
7.043278709677420920e+03,-7.377161290322580101e+01
7.043278709677420920e+03,-2.737716129032257868e+02
7.043278709677420920e+03,-4.737716129032257868e+02
7.243278709677420920e+03,-6.737716129032257868e+02
7.243278709677420920e+03,-4.737716129032257868e+02
7.243278709677420920e+03,-2.737716129032257868e+02
7.243278709677420920e+03,-7.377161290322580101e+01
7.243278709677420920e+03,1.262283870967741990e+02
7.243278709677420920e+03,3.262283870967742132e+02
7.243278709677420920e+03,5.262283870967742132e+02
7.243278709677420920e+03,7.262283870967742132e+02
7.243278709677420920e+03,9.262283870967742132e+02
7.243278709677420920e+03,1.126228387096774213e+03
7.243278709677420920e+03,1.326228387096774213e+03
7.243278709677420920e+03,1.526228387096774213e+03
7.243278709677420920e+03,1.726228387096774213e+03
7.443278709677420920e+03,1.526228387096774213e+03
7.443278709677420920e+03,1.326228387096774213e+03
7.443278709677420920e+03,1.126228387096774213e+03
7.443278709677420920e+03,9.262283870967742132e+02
7.443278709677420920e+03,7.262283870967742132e+02
7.443278709677420920e+03,5.262283870967742132e+02
7.443278709677420920e+03,3.262283870967742132e+02
7.443278709677420920e+03,1.262283870967741990e+02
7.443278709677420920e+03,-7.377161290322580101e+01
7.443278709677420920e+03,-2.737716129032257868e+02
7.443278709677420920e+03,-4.737716129032257868e+02
7.443278709677420920e+03,-6.737716129032257868e+02
7.643278709677420920e+03,-8.737716129032257868e+02
7.643278709677420920e+03,-6.737716129032257868e+02
7.643278709677420920e+03,-4.737716129032257868e+02
7.643278709677420920e+03,-2.737716129032257868e+02
7.643278709677420920e+03,-7.377161290322580101e+01
7.643278709677420920e+03,1.262283870967741990e+02
7.643278709677420920e+03,3.262283870967742132e+02
7.643278709677420920e+03,5.262283870967742132e+02
7.643278709677420920e+03,7.262283870967742132e+02
7.643278709677420920e+03,9.262283870967742132e+02
7.643278709677420920e+03,1.126228387096774213e+03
7.643278709677420920e+03,1.326228387096774213e+03
7.643278709677420920e+03,1.526228387096774213e+03
7.843278709677420920e+03,1.526228387096774213e+03
7.843278709677420920e+03,1.326228387096774213e+03
7.843278709677420920e+03,1.126228387096774213e+03
7.843278709677420920e+03,9.262283870967742132e+02
7.843278709677420920e+03,7.262283870967742132e+02
7.843278709677420920e+03,5.262283870967742132e+02
7.843278709677420920e+03,3.262283870967742132e+02
7.843278709677420920e+03,1.262283870967741990e+02
7.843278709677420920e+03,-7.377161290322580101e+01
7.843278709677420920e+03,-2.737716129032257868e+02
7.843278709677420920e+03,-4.737716129032257868e+02
7.843278709677420920e+03,-6.737716129032257868e+02
7.843278709677420920e+03,-8.737716129032257868e+02
8.043278709677420920e+03,-8.737716129032257868e+02
8.043278709677420920e+03,-6.737716129032257868e+02
8.043278709677420920e+03,-4.737716129032257868e+02
8.043278709677420920e+03,-2.737716129032257868e+02
8.043278709677420920e+03,-7.377161290322580101e+01
8.043278709677420920e+03,1.262283870967741990e+02
8.043278709677420920e+03,3.262283870967742132e+02
8.043278709677420920e+03,5.262283870967742132e+02
8.043278709677420920e+03,7.262283870967742132e+02
8.043278709677420920e+03,9.262283870967742132e+02
8.043278709677420920e+03,1.126228387096774213e+03
8.043278709677420920e+03,1.326228387096774213e+03
8.043278709677420920e+03,1.526228387096774213e+03
8.243278709677420920e+03,1.526228387096774213e+03
8.243278709677420920e+03,1.326228387096774213e+03
8.243278709677420920e+03,1.126228387096774213e+03
8.243278709677420920e+03,9.262283870967742132e+02
8.243278709677420920e+03,7.262283870967742132e+02
8.243278709677420920e+03,5.262283870967742132e+02
8.243278709677420920e+03,3.262283870967742132e+02
8.243278709677420920e+03,1.262283870967741990e+02
8.243278709677420920e+03,-7.377161290322580101e+01
8.243278709677420920e+03,-2.737716129032257868e+02
8.243278709677420920e+03,-4.737716129032257868e+02
8.243278709677420920e+03,-6.737716129032257868e+02
8.243278709677420920e+03,-8.737716129032257868e+02
8.243278709677420920e+03,-1.073771612903225787e+03
8.443278709677420920e+03,-1.073771612903225787e+03
8.443278709677420920e+03,-8.737716129032257868e+02
8.443278709677420920e+03,-6.737716129032257868e+02
8.443278709677420920e+03,-4.737716129032257868e+02
8.443278709677420920e+03,-2.737716129032257868e+02
8.443278709677420920e+03,-7.377161290322580101e+01
8.443278709677420920e+03,1.262283870967741990e+02
8.443278709677420920e+03,3.262283870967742132e+02
8.443278709677420920e+03,5.262283870967742132e+02
8.443278709677420920e+03,7.262283870967742132e+02
8.443278709677420920e+03,9.262283870967742132e+02
8.443278709677420920e+03,1.126228387096774213e+03
8.443278709677420920e+03,1.326228387096774213e+03
8.443278709677420920e+03,1.526228387096774213e+03
8.643278709677420920e+03,1.526228387096774213e+03
8.643278709677420920e+03,1.326228387096774213e+03
8.643278709677420920e+03,1.126228387096774213e+03
8.643278709677420920e+03,9.262283870967742132e+02
8.643278709677420920e+03,7.262283870967742132e+02
8.643278709677420920e+03,5.262283870967742132e+02
8.643278709677420920e+03,3.262283870967742132e+02
8.643278709677420920e+03,1.262283870967741990e+02
8.643278709677420920e+03,-7.377161290322580101e+01
8.643278709677420920e+03,-2.737716129032257868e+02
8.643278709677420920e+03,-4.737716129032257868e+02
8.643278709677420920e+03,-6.737716129032257868e+02
8.643278709677420920e+03,-8.737716129032257868e+02
8.643278709677420920e+03,-1.073771612903225787e+03
8.843278709677420920e+03,-1.073771612903225787e+03
8.843278709677420920e+03,-8.737716129032257868e+02
8.843278709677420920e+03,-6.737716129032257868e+02
8.843278709677420920e+03,-4.737716129032257868e+02
8.843278709677420920e+03,-2.737716129032257868e+02
8.843278709677420920e+03,-7.377161290322580101e+01
8.843278709677420920e+03,1.262283870967741990e+02
8.843278709677420920e+03,3.262283870967742132e+02
8.843278709677420920e+03,5.262283870967742132e+02
8.843278709677420920e+03,7.262283870967742132e+02
8.843278709677420920e+03,9.262283870967742132e+02
8.843278709677420920e+03,1.126228387096774213e+03
8.843278709677420920e+03,1.326228387096774213e+03
8.843278709677420920e+03,1.526228387096774213e+03
9.043278709677420920e+03,1.526228387096774213e+03
9.043278709677420920e+03,1.326228387096774213e+03
9.043278709677420920e+03,1.126228387096774213e+03
9.043278709677420920e+03,9.262283870967742132e+02
9.043278709677420920e+03,7.262283870967742132e+02
9.043278709677420920e+03,5.262283870967742132e+02
9.043278709677420920e+03,3.262283870967742132e+02
9.043278709677420920e+03,1.262283870967741990e+02
9.043278709677420920e+03,-7.377161290322580101e+01
9.043278709677420920e+03,-2.737716129032257868e+02
9.043278709677420920e+03,-4.737716129032257868e+02
9.043278709677420920e+03,-6.737716129032257868e+02
9.043278709677420920e+03,-8.737716129032257868e+02
9.043278709677420920e+03,-1.073771612903225787e+03
9.243278709677420920e+03,-1.073771612903225787e+03
9.243278709677420920e+03,-8.737716129032257868e+02
9.243278709677420920e+03,-6.737716129032257868e+02
9.243278709677420920e+03,-4.737716129032257868e+02
9.243278709677420920e+03,-2.737716129032257868e+02
9.243278709677420920e+03,-7.377161290322580101e+01
9.243278709677420920e+03,1.262283870967741990e+02
9.243278709677420920e+03,3.262283870967742132e+02
9.243278709677420920e+03,5.262283870967742132e+02
9.243278709677420920e+03,7.262283870967742132e+02
9.243278709677420920e+03,9.262283870967742132e+02
9.243278709677420920e+03,1.126228387096774213e+03
9.243278709677420920e+03,1.326228387096774213e+03
9.443278709677420920e+03,1.326228387096774213e+03
9.443278709677420920e+03,1.126228387096774213e+03
9.443278709677420920e+03,9.262283870967742132e+02
9.443278709677420920e+03,7.262283870967742132e+02
9.443278709677420920e+03,5.262283870967742132e+02
9.443278709677420920e+03,3.262283870967742132e+02
9.443278709677420920e+03,1.262283870967741990e+02
9.443278709677420920e+03,-7.377161290322580101e+01
9.443278709677420920e+03,-2.737716129032257868e+02
9.443278709677420920e+03,-4.737716129032257868e+02
9.443278709677420920e+03,-6.737716129032257868e+02
9.443278709677420920e+03,-8.737716129032257868e+02
9.443278709677420920e+03,-1.073771612903225787e+03
9.643278709677420920e+03,-7.377161290322580101e+01
9.643278709677420920e+03,1.262283870967741990e+02
9.643278709677420920e+03,3.262283870967742132e+02
9.643278709677420920e+03,5.262283870967742132e+02
9.643278709677420920e+03,7.262283870967742132e+02
9.643278709677420920e+03,9.262283870967742132e+02
9.643278709677420920e+03,1.126228387096774213e+03
9.643278709677420920e+03,1.326228387096774213e+03
4.141565789473683253e+03,-5.597646315789475011e+03
4.141565789473683253e+03,-5.397646315789475011e+03
4.141565789473683253e+03,-5.197646315789475011e+03
4.141565789473683253e+03,-4.997646315789475011e+03
4.341565789473683253e+03,-4.597646315789475011e+03
4.341565789473683253e+03,-4.797646315789475011e+03
4.341565789473683253e+03,-4.997646315789475011e+03
4.341565789473683253e+03,-5.197646315789475011e+03
4.341565789473683253e+03,-5.397646315789475011e+03
4.341565789473683253e+03,-5.597646315789475011e+03
4.341565789473683253e+03,-5.797646315789475011e+03
4.541565789473683253e+03,-5.797646315789475011e+03
4.541565789473683253e+03,-5.597646315789475011e+03
4.541565789473683253e+03,-5.397646315789475011e+03
4.541565789473683253e+03,-5.197646315789475011e+03
4.541565789473683253e+03,-4.997646315789475011e+03
4.541565789473683253e+03,-4.797646315789475011e+03
4.541565789473683253e+03,-4.597646315789475011e+03
4.541565789473683253e+03,-4.397646315789475011e+03
4.741565789473683253e+03,-3.997646315789475011e+03
4.741565789473683253e+03,-4.197646315789475011e+03
4.741565789473683253e+03,-4.397646315789475011e+03
4.741565789473683253e+03,-4.597646315789475011e+03
4.741565789473683253e+03,-4.797646315789475011e+03
4.741565789473683253e+03,-4.997646315789475011e+03
4.741565789473683253e+03,-5.197646315789475011e+03
4.741565789473683253e+03,-5.397646315789475011e+03
4.741565789473683253e+03,-5.597646315789475011e+03
4.741565789473683253e+03,-5.797646315789475011e+03
4.941565789473683253e+03,-5.997646315789475011e+03
4.941565789473683253e+03,-5.797646315789475011e+03
4.941565789473683253e+03,-5.597646315789475011e+03
4.941565789473683253e+03,-5.397646315789475011e+03
4.941565789473683253e+03,-5.197646315789475011e+03
4.941565789473683253e+03,-4.997646315789475011e+03
4.941565789473683253e+03,-4.797646315789475011e+03
4.941565789473683253e+03,-4.597646315789475011e+03
4.941565789473683253e+03,-4.397646315789475011e+03
4.941565789473683253e+03,-4.197646315789475011e+03
4.941565789473683253e+03,-3.997646315789475011e+03
5.141565789473683253e+03,-3.797646315789475011e+03
5.141565789473683253e+03,-3.997646315789475011e+03
5.141565789473683253e+03,-4.197646315789475011e+03
5.141565789473683253e+03,-4.397646315789475011e+03
5.141565789473683253e+03,-4.597646315789475011e+03
5.141565789473683253e+03,-4.797646315789475011e+03
5.141565789473683253e+03,-4.997646315789475011e+03
5.141565789473683253e+03,-5.197646315789475011e+03
5.141565789473683253e+03,-5.397646315789475011e+03
5.141565789473683253e+03,-5.597646315789475011e+03
5.141565789473683253e+03,-5.797646315789475011e+03
5.141565789473683253e+03,-5.997646315789475011e+03
5.341565789473683253e+03,-5.997646315789475011e+03
5.341565789473683253e+03,-5.797646315789475011e+03
5.341565789473683253e+03,-5.597646315789475011e+03
5.341565789473683253e+03,-5.397646315789475011e+03
5.341565789473683253e+03,-5.197646315789475011e+03
5.341565789473683253e+03,-4.997646315789475011e+03
5.341565789473683253e+03,-4.797646315789475011e+03
5.341565789473683253e+03,-4.597646315789475011e+03
5.341565789473683253e+03,-4.397646315789475011e+03
5.341565789473683253e+03,-4.197646315789475011e+03
5.341565789473683253e+03,-3.997646315789475011e+03
5.341565789473683253e+03,-3.797646315789475011e+03
5.541565789473683253e+03,-3.797646315789475011e+03
5.541565789473683253e+03,-3.997646315789475011e+03
5.541565789473683253e+03,-4.197646315789475011e+03
5.541565789473683253e+03,-4.397646315789475011e+03
5.541565789473683253e+03,-4.597646315789475011e+03
5.541565789473683253e+03,-4.797646315789475011e+03
5.541565789473683253e+03,-4.997646315789475011e+03
5.541565789473683253e+03,-5.197646315789475011e+03
5.541565789473683253e+03,-5.397646315789475011e+03
5.541565789473683253e+03,-5.597646315789475011e+03
5.541565789473683253e+03,-5.797646315789475011e+03
5.541565789473683253e+03,-5.997646315789475011e+03
5.541565789473683253e+03,-6.197646315789475011e+03
5.741565789473683253e+03,-6.197646315789475011e+03
5.741565789473683253e+03,-5.997646315789475011e+03
5.741565789473683253e+03,-5.797646315789475011e+03
5.741565789473683253e+03,-5.597646315789475011e+03
5.741565789473683253e+03,-5.397646315789475011e+03
5.741565789473683253e+03,-5.197646315789475011e+03
5.741565789473683253e+03,-4.997646315789475011e+03
5.741565789473683253e+03,-4.797646315789475011e+03
5.741565789473683253e+03,-4.597646315789475011e+03
5.741565789473683253e+03,-4.397646315789475011e+03
5.741565789473683253e+03,-4.197646315789475011e+03
5.741565789473683253e+03,-3.997646315789475011e+03
5.741565789473683253e+03,-3.797646315789475011e+03
5.941565789473683253e+03,-3.997646315789475011e+03
5.941565789473683253e+03,-4.197646315789475011e+03
5.941565789473683253e+03,-4.397646315789475011e+03
5.941565789473683253e+03,-4.597646315789475011e+03
5.941565789473683253e+03,-4.797646315789475011e+03
5.941565789473683253e+03,-4.997646315789475011e+03
5.941565789473683253e+03,-5.197646315789475011e+03
5.941565789473683253e+03,-5.397646315789475011e+03
5.941565789473683253e+03,-5.597646315789475011e+03
5.941565789473683253e+03,-5.797646315789475011e+03
5.941565789473683253e+03,-5.997646315789475011e+03
5.941565789473683253e+03,-6.197646315789475011e+03
6.141565789473683253e+03,-6.397646315789475011e+03
6.141565789473683253e+03,-6.197646315789475011e+03
6.141565789473683253e+03,-5.997646315789475011e+03
6.141565789473683253e+03,-5.797646315789475011e+03
6.141565789473683253e+03,-5.597646315789475011e+03
6.141565789473683253e+03,-5.397646315789475011e+03
6.141565789473683253e+03,-5.197646315789475011e+03
6.141565789473683253e+03,-4.997646315789475011e+03
6.141565789473683253e+03,-4.797646315789475011e+03
6.141565789473683253e+03,-4.597646315789475011e+03
6.141565789473683253e+03,-4.397646315789475011e+03
6.141565789473683253e+03,-4.197646315789475011e+03
6.141565789473683253e+03,-3.997646315789475011e+03
6.341565789473683253e+03,-3.997646315789475011e+03
6.341565789473683253e+03,-4.197646315789475011e+03
6.341565789473683253e+03,-4.397646315789475011e+03
6.341565789473683253e+03,-4.597646315789475011e+03
6.341565789473683253e+03,-4.797646315789475011e+03
6.341565789473683253e+03,-4.997646315789475011e+03
6.341565789473683253e+03,-5.197646315789475011e+03
6.341565789473683253e+03,-5.397646315789475011e+03
6.341565789473683253e+03,-5.597646315789475011e+03
6.341565789473683253e+03,-5.797646315789475011e+03
6.341565789473683253e+03,-5.997646315789475011e+03
6.341565789473683253e+03,-6.197646315789475011e+03
6.341565789473683253e+03,-6.397646315789475011e+03
6.341565789473683253e+03,-6.597646315789475011e+03
6.541565789473683253e+03,-6.597646315789475011e+03
6.541565789473683253e+03,-6.397646315789475011e+03
6.541565789473683253e+03,-6.197646315789475011e+03
6.541565789473683253e+03,-5.997646315789475011e+03
6.541565789473683253e+03,-5.797646315789475011e+03
6.541565789473683253e+03,-5.597646315789475011e+03
6.541565789473683253e+03,-5.397646315789475011e+03
6.541565789473683253e+03,-5.197646315789475011e+03
6.541565789473683253e+03,-4.997646315789475011e+03
6.541565789473683253e+03,-4.797646315789475011e+03
6.541565789473683253e+03,-4.597646315789475011e+03
6.541565789473683253e+03,-4.397646315789475011e+03
6.541565789473683253e+03,-4.197646315789475011e+03
6.541565789473683253e+03,-3.997646315789475011e+03
6.541565789473683253e+03,-3.797646315789475011e+03
6.741565789473683253e+03,-3.797646315789475011e+03
6.741565789473683253e+03,-3.997646315789475011e+03
6.741565789473683253e+03,-4.197646315789475011e+03
6.741565789473683253e+03,-4.397646315789475011e+03
6.741565789473683253e+03,-4.597646315789475011e+03
6.741565789473683253e+03,-4.797646315789475011e+03
6.741565789473683253e+03,-4.997646315789475011e+03
6.741565789473683253e+03,-5.197646315789475011e+03
6.741565789473683253e+03,-5.397646315789475011e+03
6.741565789473683253e+03,-5.597646315789475011e+03
6.741565789473683253e+03,-5.797646315789475011e+03
6.741565789473683253e+03,-5.997646315789475011e+03
6.741565789473683253e+03,-6.197646315789475011e+03
6.741565789473683253e+03,-6.397646315789475011e+03
6.741565789473683253e+03,-6.597646315789475011e+03
6.941565789473683253e+03,-6.597646315789475011e+03
6.941565789473683253e+03,-6.397646315789475011e+03
6.941565789473683253e+03,-6.197646315789475011e+03
6.941565789473683253e+03,-5.997646315789475011e+03
6.941565789473683253e+03,-5.797646315789475011e+03
6.941565789473683253e+03,-5.597646315789475011e+03
6.941565789473683253e+03,-5.397646315789475011e+03
6.941565789473683253e+03,-5.197646315789475011e+03
6.941565789473683253e+03,-4.997646315789475011e+03
6.941565789473683253e+03,-4.797646315789475011e+03
6.941565789473683253e+03,-4.597646315789475011e+03
6.941565789473683253e+03,-4.397646315789475011e+03
6.941565789473683253e+03,-4.197646315789475011e+03
6.941565789473683253e+03,-3.997646315789475011e+03
6.941565789473683253e+03,-3.797646315789475011e+03
6.941565789473683253e+03,-3.597646315789475011e+03
7.141565789473683253e+03,-3.397646315789475011e+03
7.141565789473683253e+03,-3.597646315789475011e+03
7.141565789473683253e+03,-3.797646315789475011e+03
7.141565789473683253e+03,-3.997646315789475011e+03
7.141565789473683253e+03,-4.197646315789475011e+03
7.141565789473683253e+03,-4.397646315789475011e+03
7.141565789473683253e+03,-4.597646315789475011e+03
7.141565789473683253e+03,-4.797646315789475011e+03
7.141565789473683253e+03,-4.997646315789475011e+03
7.141565789473683253e+03,-5.197646315789475011e+03
7.141565789473683253e+03,-5.397646315789475011e+03
7.141565789473683253e+03,-5.597646315789475011e+03
7.141565789473683253e+03,-5.797646315789475011e+03
7.141565789473683253e+03,-5.997646315789475011e+03
7.141565789473683253e+03,-6.197646315789475011e+03
7.141565789473683253e+03,-6.397646315789475011e+03
7.141565789473683253e+03,-6.597646315789475011e+03
7.141565789473683253e+03,-6.797646315789475011e+03
7.341565789473683253e+03,-6.797646315789475011e+03
7.341565789473683253e+03,-6.597646315789475011e+03
7.341565789473683253e+03,-6.397646315789475011e+03
7.341565789473683253e+03,-6.197646315789475011e+03
7.341565789473683253e+03,-5.997646315789475011e+03
7.341565789473683253e+03,-5.797646315789475011e+03
7.341565789473683253e+03,-5.597646315789475011e+03
7.341565789473683253e+03,-5.397646315789475011e+03
7.341565789473683253e+03,-5.197646315789475011e+03
7.341565789473683253e+03,-4.997646315789475011e+03
7.341565789473683253e+03,-4.797646315789475011e+03
7.341565789473683253e+03,-4.597646315789475011e+03
7.341565789473683253e+03,-4.397646315789475011e+03
7.341565789473683253e+03,-4.197646315789475011e+03
7.341565789473683253e+03,-3.997646315789475011e+03
7.341565789473683253e+03,-3.797646315789475011e+03
7.341565789473683253e+03,-3.597646315789475011e+03
7.341565789473683253e+03,-3.397646315789475011e+03
7.541565789473683253e+03,-3.197646315789475011e+03
7.541565789473683253e+03,-3.397646315789475011e+03
7.541565789473683253e+03,-3.597646315789475011e+03
7.541565789473683253e+03,-3.797646315789475011e+03
7.541565789473683253e+03,-3.997646315789475011e+03
7.541565789473683253e+03,-4.197646315789475011e+03
7.541565789473683253e+03,-4.397646315789475011e+03
7.541565789473683253e+03,-4.597646315789475011e+03
7.541565789473683253e+03,-4.797646315789475011e+03
7.541565789473683253e+03,-4.997646315789475011e+03
7.541565789473683253e+03,-5.197646315789475011e+03
7.541565789473683253e+03,-5.397646315789475011e+03
7.541565789473683253e+03,-5.597646315789475011e+03
7.541565789473683253e+03,-5.797646315789475011e+03
7.541565789473683253e+03,-5.997646315789475011e+03
7.541565789473683253e+03,-6.197646315789475011e+03
7.541565789473683253e+03,-6.397646315789475011e+03
7.541565789473683253e+03,-6.597646315789475011e+03
7.541565789473683253e+03,-6.797646315789475011e+03
7.741565789473683253e+03,-6.797646315789475011e+03
7.741565789473683253e+03,-6.597646315789475011e+03
7.741565789473683253e+03,-6.397646315789475011e+03
7.741565789473683253e+03,-6.197646315789475011e+03
7.741565789473683253e+03,-5.997646315789475011e+03
7.741565789473683253e+03,-5.797646315789475011e+03
7.741565789473683253e+03,-5.597646315789475011e+03
7.741565789473683253e+03,-5.397646315789475011e+03
7.741565789473683253e+03,-5.197646315789475011e+03
7.741565789473683253e+03,-4.997646315789475011e+03
7.741565789473683253e+03,-4.797646315789475011e+03
7.741565789473683253e+03,-4.597646315789475011e+03
7.741565789473683253e+03,-4.397646315789475011e+03
7.741565789473683253e+03,-4.197646315789475011e+03
7.741565789473683253e+03,-3.997646315789475011e+03
7.741565789473683253e+03,-3.797646315789475011e+03
7.741565789473683253e+03,-3.597646315789475011e+03
7.741565789473683253e+03,-3.397646315789475011e+03
7.741565789473683253e+03,-3.197646315789475011e+03
7.941565789473683253e+03,-3.397646315789475011e+03
7.941565789473683253e+03,-3.597646315789475011e+03
7.941565789473683253e+03,-3.797646315789475011e+03
7.941565789473683253e+03,-3.997646315789475011e+03
7.941565789473683253e+03,-4.197646315789475011e+03
7.941565789473683253e+03,-4.397646315789475011e+03
7.941565789473683253e+03,-4.597646315789475011e+03
7.941565789473683253e+03,-4.797646315789475011e+03
7.941565789473683253e+03,-4.997646315789475011e+03
7.941565789473683253e+03,-5.197646315789475011e+03
7.941565789473683253e+03,-5.397646315789475011e+03
7.941565789473683253e+03,-5.597646315789475011e+03
7.941565789473683253e+03,-5.797646315789475011e+03
7.941565789473683253e+03,-5.997646315789475011e+03
7.941565789473683253e+03,-6.197646315789475011e+03
7.941565789473683253e+03,-6.397646315789475011e+03
7.941565789473683253e+03,-6.597646315789475011e+03
7.941565789473683253e+03,-6.797646315789475011e+03
7.941565789473683253e+03,-6.997646315789475011e+03
8.141565789473683253e+03,-6.997646315789475011e+03
8.141565789473683253e+03,-6.797646315789475011e+03
8.141565789473683253e+03,-6.597646315789475011e+03
8.141565789473683253e+03,-6.397646315789475011e+03
8.141565789473683253e+03,-6.197646315789475011e+03
8.141565789473683253e+03,-5.997646315789475011e+03
8.141565789473683253e+03,-5.797646315789475011e+03
8.141565789473683253e+03,-5.597646315789475011e+03
8.141565789473683253e+03,-5.397646315789475011e+03
8.141565789473683253e+03,-5.197646315789475011e+03
8.141565789473683253e+03,-4.997646315789475011e+03
8.141565789473683253e+03,-4.797646315789475011e+03
8.141565789473683253e+03,-4.597646315789475011e+03
8.141565789473683253e+03,-4.397646315789475011e+03
8.141565789473683253e+03,-4.197646315789475011e+03
8.141565789473683253e+03,-3.997646315789475011e+03
8.141565789473683253e+03,-3.797646315789475011e+03
8.141565789473683253e+03,-3.597646315789475011e+03
8.141565789473683253e+03,-3.397646315789475011e+03
8.341565789473683253e+03,-3.197646315789475011e+03
8.341565789473683253e+03,-3.397646315789475011e+03
8.341565789473683253e+03,-3.597646315789475011e+03
8.341565789473683253e+03,-3.797646315789475011e+03
8.341565789473683253e+03,-3.997646315789475011e+03
8.341565789473683253e+03,-4.197646315789475011e+03
8.341565789473683253e+03,-4.397646315789475011e+03
8.341565789473683253e+03,-4.597646315789475011e+03
8.341565789473683253e+03,-4.797646315789475011e+03
8.341565789473683253e+03,-4.997646315789475011e+03
8.341565789473683253e+03,-5.197646315789475011e+03
8.341565789473683253e+03,-5.397646315789475011e+03
8.341565789473683253e+03,-5.597646315789475011e+03
8.341565789473683253e+03,-5.797646315789475011e+03
8.341565789473683253e+03,-5.997646315789475011e+03
8.341565789473683253e+03,-6.197646315789475011e+03
8.341565789473683253e+03,-6.397646315789475011e+03
8.341565789473683253e+03,-6.597646315789475011e+03
8.341565789473683253e+03,-6.797646315789475011e+03
8.341565789473683253e+03,-6.997646315789475011e+03
8.541565789473683253e+03,-6.997646315789475011e+03
8.541565789473683253e+03,-6.797646315789475011e+03
8.541565789473683253e+03,-6.597646315789475011e+03
8.541565789473683253e+03,-6.397646315789475011e+03
8.541565789473683253e+03,-6.197646315789475011e+03
8.541565789473683253e+03,-5.997646315789475011e+03
8.541565789473683253e+03,-5.797646315789475011e+03
8.541565789473683253e+03,-5.597646315789475011e+03
8.541565789473683253e+03,-5.397646315789475011e+03
8.541565789473683253e+03,-5.197646315789475011e+03
8.541565789473683253e+03,-4.997646315789475011e+03
8.541565789473683253e+03,-4.797646315789475011e+03
8.541565789473683253e+03,-4.597646315789475011e+03
8.541565789473683253e+03,-4.397646315789475011e+03
8.541565789473683253e+03,-4.197646315789475011e+03
8.541565789473683253e+03,-3.997646315789475011e+03
8.541565789473683253e+03,-3.797646315789475011e+03
8.541565789473683253e+03,-3.597646315789475011e+03
8.541565789473683253e+03,-3.397646315789475011e+03
8.541565789473683253e+03,-3.197646315789475011e+03
8.741565789473683253e+03,-3.197646315789475011e+03
8.741565789473683253e+03,-3.397646315789475011e+03
8.741565789473683253e+03,-3.597646315789475011e+03
8.741565789473683253e+03,-3.797646315789475011e+03
8.741565789473683253e+03,-3.997646315789475011e+03
8.741565789473683253e+03,-4.197646315789475011e+03
8.741565789473683253e+03,-4.397646315789475011e+03
8.741565789473683253e+03,-4.597646315789475011e+03
8.741565789473683253e+03,-4.797646315789475011e+03
8.741565789473683253e+03,-4.997646315789475011e+03
8.741565789473683253e+03,-5.197646315789475011e+03
8.741565789473683253e+03,-5.397646315789475011e+03
8.741565789473683253e+03,-5.597646315789475011e+03
8.741565789473683253e+03,-5.797646315789475011e+03
8.741565789473683253e+03,-5.997646315789475011e+03
8.741565789473683253e+03,-6.197646315789475011e+03
8.741565789473683253e+03,-6.397646315789475011e+03
8.741565789473683253e+03,-6.597646315789475011e+03
8.741565789473683253e+03,-6.797646315789475011e+03
8.741565789473683253e+03,-6.997646315789475011e+03
8.941565789473683253e+03,-6.997646315789475011e+03
8.941565789473683253e+03,-6.797646315789475011e+03
8.941565789473683253e+03,-6.597646315789475011e+03
8.941565789473683253e+03,-6.397646315789475011e+03
8.941565789473683253e+03,-6.197646315789475011e+03
8.941565789473683253e+03,-5.997646315789475011e+03
8.941565789473683253e+03,-5.797646315789475011e+03
8.941565789473683253e+03,-5.597646315789475011e+03
8.941565789473683253e+03,-5.397646315789475011e+03
8.941565789473683253e+03,-5.197646315789475011e+03
8.941565789473683253e+03,-4.997646315789475011e+03
8.941565789473683253e+03,-4.797646315789475011e+03
8.941565789473683253e+03,-4.597646315789475011e+03
8.941565789473683253e+03,-4.397646315789475011e+03
8.941565789473683253e+03,-4.197646315789475011e+03
8.941565789473683253e+03,-3.997646315789475011e+03
8.941565789473683253e+03,-3.797646315789475011e+03
8.941565789473683253e+03,-3.597646315789475011e+03
8.941565789473683253e+03,-3.397646315789475011e+03
8.941565789473683253e+03,-3.197646315789475011e+03
8.941565789473683253e+03,-2.997646315789475011e+03
9.141565789473683253e+03,-3.197646315789475011e+03
9.141565789473683253e+03,-3.397646315789475011e+03
9.141565789473683253e+03,-3.597646315789475011e+03
9.141565789473683253e+03,-3.797646315789475011e+03
9.141565789473683253e+03,-3.997646315789475011e+03
9.141565789473683253e+03,-4.197646315789475011e+03
9.141565789473683253e+03,-4.397646315789475011e+03
9.141565789473683253e+03,-4.597646315789475011e+03
9.141565789473683253e+03,-4.797646315789475011e+03
9.141565789473683253e+03,-4.997646315789475011e+03
9.141565789473683253e+03,-5.197646315789475011e+03
9.141565789473683253e+03,-5.397646315789475011e+03
9.141565789473683253e+03,-5.597646315789475011e+03
9.141565789473683253e+03,-5.797646315789475011e+03
9.141565789473683253e+03,-5.997646315789475011e+03
9.141565789473683253e+03,-6.197646315789475011e+03
9.141565789473683253e+03,-6.397646315789475011e+03
9.141565789473683253e+03,-6.597646315789475011e+03
9.141565789473683253e+03,-6.797646315789475011e+03
9.141565789473683253e+03,-6.997646315789475011e+03
9.341565789473683253e+03,-6.997646315789475011e+03
9.341565789473683253e+03,-6.797646315789475011e+03
9.341565789473683253e+03,-6.597646315789475011e+03
9.341565789473683253e+03,-6.397646315789475011e+03
9.341565789473683253e+03,-6.197646315789475011e+03
9.341565789473683253e+03,-5.997646315789475011e+03
9.341565789473683253e+03,-5.797646315789475011e+03
9.341565789473683253e+03,-5.597646315789475011e+03
9.341565789473683253e+03,-5.397646315789475011e+03
9.341565789473683253e+03,-5.197646315789475011e+03
9.341565789473683253e+03,-4.997646315789475011e+03
9.341565789473683253e+03,-4.797646315789475011e+03
9.341565789473683253e+03,-4.597646315789475011e+03
9.341565789473683253e+03,-4.397646315789475011e+03
9.341565789473683253e+03,-4.197646315789475011e+03
9.341565789473683253e+03,-3.997646315789475011e+03
9.341565789473683253e+03,-3.797646315789475011e+03
9.341565789473683253e+03,-3.597646315789475011e+03
9.341565789473683253e+03,-3.397646315789475011e+03
9.341565789473683253e+03,-3.197646315789475011e+03
9.541565789473683253e+03,-3.197646315789475011e+03
9.541565789473683253e+03,-3.397646315789475011e+03
9.541565789473683253e+03,-3.597646315789475011e+03
9.541565789473683253e+03,-3.797646315789475011e+03
9.541565789473683253e+03,-3.997646315789475011e+03
9.541565789473683253e+03,-4.197646315789475011e+03
9.541565789473683253e+03,-4.397646315789475011e+03
9.541565789473683253e+03,-4.597646315789475011e+03
9.541565789473683253e+03,-4.797646315789475011e+03
9.541565789473683253e+03,-4.997646315789475011e+03
9.541565789473683253e+03,-5.197646315789475011e+03
9.541565789473683253e+03,-5.397646315789475011e+03
9.541565789473683253e+03,-5.597646315789475011e+03
9.541565789473683253e+03,-5.797646315789475011e+03
9.541565789473683253e+03,-5.997646315789475011e+03
9.541565789473683253e+03,-6.197646315789475011e+03
9.541565789473683253e+03,-6.397646315789475011e+03
9.541565789473683253e+03,-6.597646315789475011e+03
9.541565789473683253e+03,-6.797646315789475011e+03
9.541565789473683253e+03,-6.997646315789475011e+03
9.741565789473683253e+03,-6.997646315789475011e+03
9.741565789473683253e+03,-6.797646315789475011e+03
9.741565789473683253e+03,-6.597646315789475011e+03
9.741565789473683253e+03,-6.397646315789475011e+03
9.741565789473683253e+03,-6.197646315789475011e+03
9.741565789473683253e+03,-5.997646315789475011e+03
9.741565789473683253e+03,-5.797646315789475011e+03
9.741565789473683253e+03,-5.597646315789475011e+03
9.741565789473683253e+03,-5.397646315789475011e+03
9.741565789473683253e+03,-5.197646315789475011e+03
9.741565789473683253e+03,-4.997646315789475011e+03
9.741565789473683253e+03,-4.797646315789475011e+03
9.741565789473683253e+03,-4.597646315789475011e+03
9.741565789473683253e+03,-4.397646315789475011e+03
9.741565789473683253e+03,-4.197646315789475011e+03
9.741565789473683253e+03,-3.997646315789475011e+03
9.741565789473683253e+03,-3.797646315789475011e+03
9.741565789473683253e+03,-3.597646315789475011e+03
9.741565789473683253e+03,-3.397646315789475011e+03
9.941565789473683253e+03,-3.397646315789475011e+03
9.941565789473683253e+03,-3.597646315789475011e+03
9.941565789473683253e+03,-3.797646315789475011e+03
9.941565789473683253e+03,-3.997646315789475011e+03
9.941565789473683253e+03,-4.197646315789475011e+03
9.941565789473683253e+03,-4.397646315789475011e+03
9.941565789473683253e+03,-4.597646315789475011e+03
9.941565789473683253e+03,-4.797646315789475011e+03
9.941565789473683253e+03,-4.997646315789475011e+03
9.941565789473683253e+03,-5.197646315789475011e+03
9.941565789473683253e+03,-5.397646315789475011e+03
9.941565789473683253e+03,-5.597646315789475011e+03
9.941565789473683253e+03,-5.797646315789475011e+03
9.941565789473683253e+03,-5.997646315789475011e+03
9.941565789473683253e+03,-6.197646315789475011e+03
9.941565789473683253e+03,-6.397646315789475011e+03
9.941565789473683253e+03,-6.597646315789475011e+03
9.941565789473683253e+03,-6.797646315789475011e+03
1.014156578947368325e+04,-6.597646315789475011e+03
1.014156578947368325e+04,-6.397646315789475011e+03
1.014156578947368325e+04,-6.197646315789475011e+03
1.014156578947368325e+04,-5.997646315789475011e+03
1.014156578947368325e+04,-5.797646315789475011e+03
1.014156578947368325e+04,-5.597646315789475011e+03
1.014156578947368325e+04,-5.397646315789475011e+03
1.014156578947368325e+04,-5.197646315789475011e+03
1.014156578947368325e+04,-4.997646315789475011e+03
1.014156578947368325e+04,-4.797646315789475011e+03
1.014156578947368325e+04,-4.597646315789475011e+03
1.014156578947368325e+04,-4.397646315789475011e+03
1.014156578947368325e+04,-4.197646315789475011e+03
1.014156578947368325e+04,-3.997646315789475011e+03
1.014156578947368325e+04,-3.797646315789475011e+03
1.014156578947368325e+04,-3.597646315789475011e+03
1.014156578947368325e+04,-3.397646315789475011e+03
1.034156578947368325e+04,-3.597646315789475011e+03
1.034156578947368325e+04,-3.797646315789475011e+03
1.034156578947368325e+04,-3.997646315789475011e+03
1.034156578947368325e+04,-4.197646315789475011e+03
1.034156578947368325e+04,-4.397646315789475011e+03
1.034156578947368325e+04,-4.597646315789475011e+03
1.034156578947368325e+04,-4.797646315789475011e+03
1.034156578947368325e+04,-4.997646315789475011e+03
1.034156578947368325e+04,-5.197646315789475011e+03
1.034156578947368325e+04,-5.997646315789475011e+03
1.034156578947368325e+04,-6.197646315789475011e+03
1.034156578947368325e+04,-6.397646315789475011e+03
1.034156578947368325e+04,-6.597646315789475011e+03
1.054156578947368325e+04,-5.197646315789475011e+03
1.054156578947368325e+04,-4.997646315789475011e+03
1.054156578947368325e+04,-4.797646315789475011e+03
1.054156578947368325e+04,-4.597646315789475011e+03
1.054156578947368325e+04,-4.397646315789475011e+03
1.054156578947368325e+04,-4.197646315789475011e+03
1.054156578947368325e+04,-3.997646315789475011e+03
1.054156578947368325e+04,-3.797646315789475011e+03
1.054156578947368325e+04,-3.597646315789475011e+03
1.074156578947368325e+04,-3.797646315789475011e+03
1.074156578947368325e+04,-3.997646315789475011e+03
1.074156578947368325e+04,-4.197646315789475011e+03
1.074156578947368325e+04,-4.397646315789475011e+03
1.074156578947368325e+04,-4.597646315789475011e+03
1.074156578947368325e+04,-4.797646315789475011e+03
1.074156578947368325e+04,-4.997646315789475011e+03
1.074156578947368325e+04,-5.197646315789475011e+03
1.094156578947368325e+04,-5.197646315789475011e+03
1.094156578947368325e+04,-4.997646315789475011e+03
1.094156578947368325e+04,-4.797646315789475011e+03
1.094156578947368325e+04,-4.197646315789475011e+03
1.094156578947368325e+04,-3.997646315789475011e+03
4.566976666666668280e+03,-8.632988666666667996e+03
4.766976666666668280e+03,-9.032988666666667996e+03
4.766976666666668280e+03,-8.832988666666667996e+03
4.766976666666668280e+03,-8.632988666666667996e+03
4.766976666666668280e+03,-8.432988666666667996e+03
4.966976666666668280e+03,-8.432988666666667996e+03
4.966976666666668280e+03,-8.632988666666667996e+03
4.966976666666668280e+03,-8.832988666666667996e+03
4.966976666666668280e+03,-9.032988666666667996e+03
4.966976666666668280e+03,-9.232988666666667996e+03
4.966976666666668280e+03,-9.432988666666667996e+03
5.166976666666668280e+03,-9.632988666666667996e+03
5.166976666666668280e+03,-9.432988666666667996e+03
5.166976666666668280e+03,-9.232988666666667996e+03
5.166976666666668280e+03,-9.032988666666667996e+03
5.166976666666668280e+03,-8.832988666666667996e+03
5.166976666666668280e+03,-8.632988666666667996e+03
5.166976666666668280e+03,-8.432988666666667996e+03
5.366976666666668280e+03,-8.232988666666667996e+03
5.366976666666668280e+03,-8.432988666666667996e+03
5.366976666666668280e+03,-8.632988666666667996e+03
5.366976666666668280e+03,-8.832988666666667996e+03
5.366976666666668280e+03,-9.032988666666667996e+03
5.366976666666668280e+03,-9.232988666666667996e+03
5.366976666666668280e+03,-9.432988666666667996e+03
5.366976666666668280e+03,-9.632988666666667996e+03
5.366976666666668280e+03,-9.832988666666667996e+03
5.566976666666668280e+03,-1.003298866666666800e+04
5.566976666666668280e+03,-9.832988666666667996e+03
5.566976666666668280e+03,-9.632988666666667996e+03
5.566976666666668280e+03,-9.432988666666667996e+03
5.566976666666668280e+03,-9.232988666666667996e+03
5.566976666666668280e+03,-9.032988666666667996e+03
5.566976666666668280e+03,-8.832988666666667996e+03
5.566976666666668280e+03,-8.632988666666667996e+03
5.566976666666668280e+03,-8.432988666666667996e+03
5.566976666666668280e+03,-8.232988666666667996e+03
5.766976666666668280e+03,-8.232988666666667996e+03
5.766976666666668280e+03,-8.432988666666667996e+03
5.766976666666668280e+03,-8.632988666666667996e+03
5.766976666666668280e+03,-8.832988666666667996e+03
5.766976666666668280e+03,-9.032988666666667996e+03
5.766976666666668280e+03,-9.232988666666667996e+03
5.766976666666668280e+03,-9.432988666666667996e+03
5.766976666666668280e+03,-9.632988666666667996e+03
5.766976666666668280e+03,-9.832988666666667996e+03
5.766976666666668280e+03,-1.003298866666666800e+04
5.766976666666668280e+03,-1.023298866666666800e+04
5.966976666666668280e+03,-1.023298866666666800e+04
5.966976666666668280e+03,-1.003298866666666800e+04
5.966976666666668280e+03,-9.832988666666667996e+03
5.966976666666668280e+03,-9.632988666666667996e+03
5.966976666666668280e+03,-9.432988666666667996e+03
5.966976666666668280e+03,-9.232988666666667996e+03
5.966976666666668280e+03,-9.032988666666667996e+03
5.966976666666668280e+03,-8.832988666666667996e+03
5.966976666666668280e+03,-8.632988666666667996e+03
5.966976666666668280e+03,-8.432988666666667996e+03
5.966976666666668280e+03,-8.232988666666667996e+03
6.166976666666668280e+03,-8.232988666666667996e+03
6.166976666666668280e+03,-8.432988666666667996e+03
6.166976666666668280e+03,-8.632988666666667996e+03
6.166976666666668280e+03,-8.832988666666667996e+03
6.166976666666668280e+03,-9.032988666666667996e+03
6.166976666666668280e+03,-9.232988666666667996e+03
6.166976666666668280e+03,-9.432988666666667996e+03
6.166976666666668280e+03,-9.632988666666667996e+03
6.166976666666668280e+03,-9.832988666666667996e+03
6.166976666666668280e+03,-1.003298866666666800e+04
6.166976666666668280e+03,-1.023298866666666800e+04
6.166976666666668280e+03,-1.043298866666666800e+04
6.366976666666668280e+03,-1.043298866666666800e+04
6.366976666666668280e+03,-1.023298866666666800e+04
6.366976666666668280e+03,-1.003298866666666800e+04
6.366976666666668280e+03,-9.832988666666667996e+03
6.366976666666668280e+03,-9.632988666666667996e+03
6.366976666666668280e+03,-9.432988666666667996e+03
6.366976666666668280e+03,-9.232988666666667996e+03
6.366976666666668280e+03,-9.032988666666667996e+03
6.366976666666668280e+03,-8.832988666666667996e+03
6.366976666666668280e+03,-8.632988666666667996e+03
6.366976666666668280e+03,-8.432988666666667996e+03
6.366976666666668280e+03,-8.232988666666667996e+03
6.566976666666668280e+03,-8.232988666666667996e+03
6.566976666666668280e+03,-8.432988666666667996e+03
6.566976666666668280e+03,-8.632988666666667996e+03
6.566976666666668280e+03,-8.832988666666667996e+03
6.566976666666668280e+03,-9.032988666666667996e+03
6.566976666666668280e+03,-9.232988666666667996e+03
6.566976666666668280e+03,-9.432988666666667996e+03
6.566976666666668280e+03,-9.632988666666667996e+03
6.566976666666668280e+03,-9.832988666666667996e+03
6.566976666666668280e+03,-1.003298866666666800e+04
6.566976666666668280e+03,-1.023298866666666800e+04
6.566976666666668280e+03,-1.043298866666666800e+04
6.766976666666668280e+03,-1.043298866666666800e+04
6.766976666666668280e+03,-1.023298866666666800e+04
6.766976666666668280e+03,-1.003298866666666800e+04
6.766976666666668280e+03,-9.832988666666667996e+03
6.766976666666668280e+03,-9.632988666666667996e+03
6.766976666666668280e+03,-9.432988666666667996e+03
6.766976666666668280e+03,-9.232988666666667996e+03
6.766976666666668280e+03,-9.032988666666667996e+03
6.766976666666668280e+03,-8.832988666666667996e+03
6.766976666666668280e+03,-8.632988666666667996e+03
6.766976666666668280e+03,-8.432988666666667996e+03
6.766976666666668280e+03,-8.232988666666667996e+03
6.966976666666668280e+03,-8.232988666666667996e+03
6.966976666666668280e+03,-8.432988666666667996e+03
6.966976666666668280e+03,-8.632988666666667996e+03
6.966976666666668280e+03,-8.832988666666667996e+03
6.966976666666668280e+03,-9.032988666666667996e+03
6.966976666666668280e+03,-9.232988666666667996e+03
6.966976666666668280e+03,-9.432988666666667996e+03
6.966976666666668280e+03,-9.632988666666667996e+03
6.966976666666668280e+03,-9.832988666666667996e+03
6.966976666666668280e+03,-1.003298866666666800e+04
6.966976666666668280e+03,-1.023298866666666800e+04
6.966976666666668280e+03,-1.043298866666666800e+04
7.166976666666668280e+03,-1.043298866666666800e+04
7.166976666666668280e+03,-1.023298866666666800e+04
7.166976666666668280e+03,-1.003298866666666800e+04
7.166976666666668280e+03,-9.832988666666667996e+03
7.166976666666668280e+03,-9.632988666666667996e+03
7.166976666666668280e+03,-9.432988666666667996e+03
7.166976666666668280e+03,-9.232988666666667996e+03
7.166976666666668280e+03,-9.032988666666667996e+03
7.166976666666668280e+03,-8.832988666666667996e+03
7.166976666666668280e+03,-8.632988666666667996e+03
7.166976666666668280e+03,-8.432988666666667996e+03
7.366976666666668280e+03,-8.432988666666667996e+03
7.366976666666668280e+03,-8.632988666666667996e+03
7.366976666666668280e+03,-8.832988666666667996e+03
7.366976666666668280e+03,-9.032988666666667996e+03
7.366976666666668280e+03,-9.232988666666667996e+03
7.366976666666668280e+03,-9.432988666666667996e+03
7.366976666666668280e+03,-9.632988666666667996e+03
7.366976666666668280e+03,-9.832988666666667996e+03
7.366976666666668280e+03,-1.003298866666666800e+04
7.366976666666668280e+03,-1.023298866666666800e+04
7.366976666666668280e+03,-1.043298866666666800e+04
7.566976666666668280e+03,-1.043298866666666800e+04
7.566976666666668280e+03,-1.023298866666666800e+04
7.566976666666668280e+03,-1.003298866666666800e+04
7.566976666666668280e+03,-9.832988666666667996e+03
7.566976666666668280e+03,-9.632988666666667996e+03
7.566976666666668280e+03,-9.432988666666667996e+03
7.566976666666668280e+03,-9.232988666666667996e+03
7.566976666666668280e+03,-9.032988666666667996e+03
7.566976666666668280e+03,-8.832988666666667996e+03
7.566976666666668280e+03,-8.632988666666667996e+03
7.566976666666668280e+03,-8.432988666666667996e+03
7.766976666666668280e+03,-8.432988666666667996e+03
7.766976666666668280e+03,-8.632988666666667996e+03
7.766976666666668280e+03,-8.832988666666667996e+03
7.766976666666668280e+03,-9.032988666666667996e+03
7.766976666666668280e+03,-9.232988666666667996e+03
7.766976666666668280e+03,-9.432988666666667996e+03
7.766976666666668280e+03,-9.632988666666667996e+03
7.766976666666668280e+03,-9.832988666666667996e+03
7.766976666666668280e+03,-1.003298866666666800e+04
7.766976666666668280e+03,-1.023298866666666800e+04
7.766976666666668280e+03,-1.043298866666666800e+04
7.966976666666668280e+03,-1.043298866666666800e+04
7.966976666666668280e+03,-1.023298866666666800e+04
7.966976666666668280e+03,-1.003298866666666800e+04
7.966976666666668280e+03,-9.832988666666667996e+03
7.966976666666668280e+03,-9.632988666666667996e+03
7.966976666666668280e+03,-9.432988666666667996e+03
7.966976666666668280e+03,-9.232988666666667996e+03
7.966976666666668280e+03,-9.032988666666667996e+03
7.966976666666668280e+03,-8.832988666666667996e+03
7.966976666666668280e+03,-8.632988666666667996e+03
7.966976666666668280e+03,-8.432988666666667996e+03
8.166976666666668280e+03,-8.432988666666667996e+03
8.166976666666668280e+03,-8.632988666666667996e+03
8.166976666666668280e+03,-8.832988666666667996e+03
8.166976666666668280e+03,-9.032988666666667996e+03
8.166976666666668280e+03,-9.232988666666667996e+03
8.166976666666668280e+03,-9.432988666666667996e+03
8.166976666666668280e+03,-9.632988666666667996e+03
8.166976666666668280e+03,-9.832988666666667996e+03
8.166976666666668280e+03,-1.003298866666666800e+04
8.166976666666668280e+03,-1.023298866666666800e+04
8.366976666666667370e+03,-1.023298866666666800e+04
8.366976666666667370e+03,-1.003298866666666800e+04
8.366976666666667370e+03,-9.832988666666667996e+03
8.366976666666667370e+03,-9.632988666666667996e+03
8.366976666666667370e+03,-9.432988666666667996e+03
8.366976666666667370e+03,-9.232988666666667996e+03
8.366976666666667370e+03,-9.032988666666667996e+03
8.366976666666667370e+03,-8.832988666666667996e+03
8.366976666666667370e+03,-8.632988666666667996e+03
8.366976666666667370e+03,-8.432988666666667996e+03
8.566976666666667370e+03,-8.432988666666667996e+03
8.566976666666667370e+03,-8.632988666666667996e+03
8.566976666666667370e+03,-8.832988666666667996e+03
8.566976666666667370e+03,-9.032988666666667996e+03
8.566976666666667370e+03,-9.232988666666667996e+03
8.566976666666667370e+03,-9.432988666666667996e+03
8.566976666666667370e+03,-9.632988666666667996e+03
8.566976666666667370e+03,-9.832988666666667996e+03
8.566976666666667370e+03,-1.003298866666666800e+04
8.566976666666667370e+03,-1.023298866666666800e+04
8.766976666666667370e+03,-1.003298866666666800e+04
8.766976666666667370e+03,-9.832988666666667996e+03
8.766976666666667370e+03,-9.632988666666667996e+03
8.766976666666667370e+03,-9.432988666666667996e+03
8.766976666666667370e+03,-9.232988666666667996e+03
8.766976666666667370e+03,-9.032988666666667996e+03
8.766976666666667370e+03,-8.832988666666667996e+03
8.766976666666667370e+03,-8.632988666666667996e+03
8.766976666666667370e+03,-8.432988666666667996e+03
-4.487925714285714093e+03,7.896157142857141480e+02
-4.487925714285714093e+03,5.896157142857141480e+02
-4.287925714285714093e+03,3.896157142857142048e+02
-4.287925714285714093e+03,5.896157142857141480e+02
-4.287925714285714093e+03,7.896157142857141480e+02
-4.087925714285714548e+03,7.896157142857141480e+02
-4.087925714285714548e+03,5.896157142857141480e+02
-4.087925714285714548e+03,3.896157142857142048e+02
-4.087925714285714548e+03,1.896157142857142048e+02
-4.087925714285714548e+03,-1.038428571428580938e+01
-4.087925714285714548e+03,-2.103842857142857952e+02
-3.887925714285714548e+03,-8.103842857142858520e+02
-3.887925714285714548e+03,-6.103842857142858520e+02
-3.887925714285714548e+03,-4.103842857142857952e+02
-3.887925714285714548e+03,-2.103842857142857952e+02
-3.887925714285714548e+03,-1.038428571428580938e+01
-3.887925714285714548e+03,1.896157142857142048e+02
-3.887925714285714548e+03,3.896157142857142048e+02
-3.887925714285714548e+03,5.896157142857141480e+02
-3.887925714285714548e+03,7.896157142857141480e+02
-3.687925714285714548e+03,7.896157142857141480e+02
-3.687925714285714548e+03,5.896157142857141480e+02
-3.687925714285714548e+03,3.896157142857142048e+02
-3.687925714285714548e+03,1.896157142857142048e+02
-3.687925714285714548e+03,-1.038428571428580938e+01
-3.687925714285714548e+03,-2.103842857142857952e+02
-3.687925714285714548e+03,-4.103842857142857952e+02
-3.687925714285714548e+03,-6.103842857142858520e+02
-3.687925714285714548e+03,-8.103842857142858520e+02
-3.687925714285714548e+03,-1.010384285714285852e+03
-3.487925714285714548e+03,-1.010384285714285852e+03
-3.487925714285714548e+03,-8.103842857142858520e+02
-3.487925714285714548e+03,-6.103842857142858520e+02
-3.487925714285714548e+03,-4.103842857142857952e+02
-3.487925714285714548e+03,-2.103842857142857952e+02
-3.487925714285714548e+03,-1.038428571428580938e+01
-3.487925714285714548e+03,1.896157142857142048e+02
-3.487925714285714548e+03,3.896157142857142048e+02
-3.487925714285714548e+03,5.896157142857141480e+02
-3.487925714285714548e+03,7.896157142857141480e+02
-3.287925714285714548e+03,9.896157142857141480e+02
-3.287925714285714548e+03,7.896157142857141480e+02
-3.287925714285714548e+03,5.896157142857141480e+02
-3.287925714285714548e+03,3.896157142857142048e+02
-3.287925714285714548e+03,1.896157142857142048e+02
-3.287925714285714548e+03,-1.038428571428580938e+01
-3.287925714285714548e+03,-2.103842857142857952e+02
-3.287925714285714548e+03,-4.103842857142857952e+02
-3.287925714285714548e+03,-6.103842857142858520e+02
-3.287925714285714548e+03,-8.103842857142858520e+02
-3.287925714285714548e+03,-1.010384285714285852e+03
-3.087925714285714548e+03,-1.010384285714285852e+03
-3.087925714285714548e+03,-8.103842857142858520e+02
-3.087925714285714548e+03,-6.103842857142858520e+02
-3.087925714285714548e+03,-4.103842857142857952e+02
-3.087925714285714548e+03,-2.103842857142857952e+02
-3.087925714285714548e+03,-1.038428571428580938e+01
-3.087925714285714548e+03,1.896157142857142048e+02
-3.087925714285714548e+03,3.896157142857142048e+02
-3.087925714285714548e+03,5.896157142857141480e+02
-3.087925714285714548e+03,7.896157142857141480e+02
-3.087925714285714548e+03,9.896157142857141480e+02
-2.887925714285714548e+03,9.896157142857141480e+02
-2.887925714285714548e+03,7.896157142857141480e+02
-2.887925714285714548e+03,5.896157142857141480e+02
-2.887925714285714548e+03,3.896157142857142048e+02
-2.887925714285714548e+03,1.896157142857142048e+02
-2.887925714285714548e+03,-1.038428571428580938e+01
-2.887925714285714548e+03,-2.103842857142857952e+02
-2.887925714285714548e+03,-4.103842857142857952e+02
-2.887925714285714548e+03,-6.103842857142858520e+02
-2.887925714285714548e+03,-8.103842857142858520e+02
-2.887925714285714548e+03,-1.010384285714285852e+03
-2.687925714285714548e+03,-8.103842857142858520e+02
-2.687925714285714548e+03,-6.103842857142858520e+02
-2.687925714285714548e+03,-4.103842857142857952e+02
-2.687925714285714548e+03,-2.103842857142857952e+02
-2.687925714285714548e+03,-1.038428571428580938e+01
-2.687925714285714548e+03,1.896157142857142048e+02
-2.687925714285714548e+03,3.896157142857142048e+02
-2.687925714285714548e+03,5.896157142857141480e+02
-2.687925714285714548e+03,7.896157142857141480e+02
-2.687925714285714548e+03,9.896157142857141480e+02
-2.687925714285714548e+03,1.589615714285714148e+03
-2.687925714285714548e+03,1.789615714285714148e+03
-2.487925714285714548e+03,1.789615714285714148e+03
-2.487925714285714548e+03,1.589615714285714148e+03
-2.487925714285714548e+03,1.389615714285714148e+03
-2.487925714285714548e+03,1.189615714285714148e+03
-2.487925714285714548e+03,9.896157142857141480e+02
-2.487925714285714548e+03,7.896157142857141480e+02
-2.487925714285714548e+03,5.896157142857141480e+02
-2.487925714285714548e+03,3.896157142857142048e+02
-2.487925714285714548e+03,1.896157142857142048e+02
-2.487925714285714548e+03,-1.038428571428580938e+01
-2.487925714285714548e+03,-2.103842857142857952e+02
-2.487925714285714548e+03,-4.103842857142857952e+02
-2.487925714285714548e+03,-6.103842857142858520e+02
-2.487925714285714548e+03,-8.103842857142858520e+02
-2.287925714285714548e+03,-8.103842857142858520e+02
-2.287925714285714548e+03,-6.103842857142858520e+02
-2.287925714285714548e+03,-4.103842857142857952e+02
-2.287925714285714548e+03,-2.103842857142857952e+02
-2.287925714285714548e+03,-1.038428571428580938e+01
-2.287925714285714548e+03,1.896157142857142048e+02
-2.287925714285714548e+03,3.896157142857142048e+02
-2.287925714285714548e+03,5.896157142857141480e+02
-2.287925714285714548e+03,7.896157142857141480e+02
-2.287925714285714548e+03,9.896157142857141480e+02
-2.287925714285714548e+03,1.189615714285714148e+03
-2.287925714285714548e+03,1.389615714285714148e+03
-2.287925714285714548e+03,1.589615714285714148e+03
-2.287925714285714548e+03,1.789615714285714148e+03
-2.087925714285714548e+03,1.789615714285714148e+03
-2.087925714285714548e+03,1.589615714285714148e+03
-2.087925714285714548e+03,1.389615714285714148e+03
-2.087925714285714548e+03,1.189615714285714148e+03
-2.087925714285714548e+03,9.896157142857141480e+02
-2.087925714285714548e+03,7.896157142857141480e+02
-2.087925714285714548e+03,5.896157142857141480e+02
-2.087925714285714548e+03,3.896157142857142048e+02
-2.087925714285714548e+03,1.896157142857142048e+02
-2.087925714285714548e+03,-1.038428571428580938e+01
-2.087925714285714548e+03,-2.103842857142857952e+02
-2.087925714285714548e+03,-4.103842857142857952e+02
-2.087925714285714548e+03,-6.103842857142858520e+02
-2.087925714285714548e+03,-8.103842857142858520e+02
-1.887925714285714548e+03,-8.103842857142858520e+02
-1.887925714285714548e+03,-6.103842857142858520e+02
-1.887925714285714548e+03,-4.103842857142857952e+02
-1.887925714285714548e+03,-2.103842857142857952e+02
-1.887925714285714548e+03,-1.038428571428580938e+01
-1.887925714285714548e+03,1.896157142857142048e+02
-1.887925714285714548e+03,3.896157142857142048e+02
-1.887925714285714548e+03,5.896157142857141480e+02
-1.887925714285714548e+03,7.896157142857141480e+02
-1.887925714285714548e+03,9.896157142857141480e+02
-1.887925714285714548e+03,1.189615714285714148e+03
-1.887925714285714548e+03,1.389615714285714148e+03
-1.887925714285714548e+03,1.589615714285714148e+03
-1.887925714285714548e+03,1.789615714285714148e+03
-1.887925714285714548e+03,1.989615714285714148e+03
-1.687925714285714548e+03,1.989615714285714148e+03
-1.687925714285714548e+03,1.789615714285714148e+03
-1.687925714285714548e+03,1.589615714285714148e+03
-1.687925714285714548e+03,1.389615714285714148e+03
-1.687925714285714548e+03,1.189615714285714148e+03
-1.687925714285714548e+03,9.896157142857141480e+02
-1.687925714285714548e+03,7.896157142857141480e+02
-1.687925714285714548e+03,5.896157142857141480e+02
-1.687925714285714548e+03,3.896157142857142048e+02
-1.687925714285714548e+03,1.896157142857142048e+02
-1.687925714285714548e+03,-1.038428571428580938e+01
-1.687925714285714548e+03,-2.103842857142857952e+02
-1.687925714285714548e+03,-4.103842857142857952e+02
-1.687925714285714548e+03,-6.103842857142858520e+02
-1.487925714285714548e+03,-6.103842857142858520e+02
-1.487925714285714548e+03,-4.103842857142857952e+02
-1.487925714285714548e+03,-2.103842857142857952e+02
-1.487925714285714548e+03,-1.038428571428580938e+01
-1.487925714285714548e+03,1.896157142857142048e+02
-1.487925714285714548e+03,3.896157142857142048e+02
-1.487925714285714548e+03,5.896157142857141480e+02
-1.487925714285714548e+03,7.896157142857141480e+02
-1.487925714285714548e+03,9.896157142857141480e+02
-1.487925714285714548e+03,1.189615714285714148e+03
-1.487925714285714548e+03,1.389615714285714148e+03
-1.487925714285714548e+03,1.589615714285714148e+03
-1.487925714285714548e+03,1.789615714285714148e+03
-1.487925714285714548e+03,1.989615714285714148e+03
-1.487925714285714548e+03,2.189615714285714603e+03
-1.287925714285714548e+03,2.189615714285714603e+03
-1.287925714285714548e+03,1.989615714285714148e+03
-1.287925714285714548e+03,1.789615714285714148e+03
-1.287925714285714548e+03,1.589615714285714148e+03
-1.287925714285714548e+03,1.389615714285714148e+03
-1.287925714285714548e+03,1.189615714285714148e+03
-1.287925714285714548e+03,9.896157142857141480e+02
-1.287925714285714548e+03,7.896157142857141480e+02
-1.287925714285714548e+03,5.896157142857141480e+02
-1.287925714285714548e+03,3.896157142857142048e+02
-1.287925714285714548e+03,1.896157142857142048e+02
-1.287925714285714548e+03,-1.038428571428580938e+01
-1.287925714285714548e+03,-2.103842857142857952e+02
-1.287925714285714548e+03,-4.103842857142857952e+02
-1.287925714285714548e+03,-6.103842857142858520e+02
-1.087925714285714548e+03,-6.103842857142858520e+02
-1.087925714285714548e+03,-4.103842857142857952e+02
-1.087925714285714548e+03,-2.103842857142857952e+02
-1.087925714285714548e+03,-1.038428571428580938e+01
-1.087925714285714548e+03,1.896157142857142048e+02
-1.087925714285714548e+03,3.896157142857142048e+02
-1.087925714285714548e+03,5.896157142857141480e+02
-1.087925714285714548e+03,7.896157142857141480e+02
-1.087925714285714548e+03,9.896157142857141480e+02
-1.087925714285714548e+03,1.189615714285714148e+03
-1.087925714285714548e+03,1.389615714285714148e+03
-1.087925714285714548e+03,1.589615714285714148e+03
-1.087925714285714548e+03,1.789615714285714148e+03
-1.087925714285714548e+03,1.989615714285714148e+03
-1.087925714285714548e+03,2.189615714285714603e+03
-8.879257142857144345e+02,2.189615714285714603e+03
-8.879257142857144345e+02,1.989615714285714148e+03
-8.879257142857144345e+02,1.789615714285714148e+03
-8.879257142857144345e+02,1.589615714285714148e+03
-8.879257142857144345e+02,1.389615714285714148e+03
-8.879257142857144345e+02,1.189615714285714148e+03
-8.879257142857144345e+02,9.896157142857141480e+02
-8.879257142857144345e+02,7.896157142857141480e+02
-8.879257142857144345e+02,5.896157142857141480e+02
-8.879257142857144345e+02,3.896157142857142048e+02
-8.879257142857144345e+02,1.896157142857142048e+02
-8.879257142857144345e+02,-1.038428571428580938e+01
-8.879257142857144345e+02,-2.103842857142857952e+02
-8.879257142857144345e+02,-4.103842857142857952e+02
-8.879257142857144345e+02,-6.103842857142858520e+02
-6.879257142857144345e+02,-4.103842857142857952e+02
-6.879257142857144345e+02,-2.103842857142857952e+02
-6.879257142857144345e+02,-1.038428571428580938e+01
-6.879257142857144345e+02,1.896157142857142048e+02
-6.879257142857144345e+02,3.896157142857142048e+02
-6.879257142857144345e+02,5.896157142857141480e+02
-6.879257142857144345e+02,7.896157142857141480e+02
-6.879257142857144345e+02,9.896157142857141480e+02
-6.879257142857144345e+02,1.189615714285714148e+03
-6.879257142857144345e+02,1.389615714285714148e+03
-6.879257142857144345e+02,1.589615714285714148e+03
-6.879257142857144345e+02,1.789615714285714148e+03
-6.879257142857144345e+02,1.989615714285714148e+03
-6.879257142857144345e+02,2.189615714285714603e+03
-4.879257142857144345e+02,2.189615714285714603e+03
-4.879257142857144345e+02,1.989615714285714148e+03
-4.879257142857144345e+02,1.789615714285714148e+03
-4.879257142857144345e+02,1.589615714285714148e+03
-4.879257142857144345e+02,1.389615714285714148e+03
-4.879257142857144345e+02,1.189615714285714148e+03
-4.879257142857144345e+02,9.896157142857141480e+02
-4.879257142857144345e+02,7.896157142857141480e+02
-4.879257142857144345e+02,5.896157142857141480e+02
-4.879257142857144345e+02,3.896157142857142048e+02
-4.879257142857144345e+02,1.896157142857142048e+02
-4.879257142857144345e+02,-1.038428571428580938e+01
-4.879257142857144345e+02,-2.103842857142857952e+02
-4.879257142857144345e+02,-4.103842857142857952e+02
-2.879257142857144345e+02,-4.103842857142857952e+02
-2.879257142857144345e+02,-2.103842857142857952e+02
-2.879257142857144345e+02,-1.038428571428580938e+01
-2.879257142857144345e+02,1.896157142857142048e+02
-2.879257142857144345e+02,3.896157142857142048e+02
-2.879257142857144345e+02,5.896157142857141480e+02
-2.879257142857144345e+02,7.896157142857141480e+02
-2.879257142857144345e+02,9.896157142857141480e+02
-2.879257142857144345e+02,1.189615714285714148e+03
-2.879257142857144345e+02,1.389615714285714148e+03
-2.879257142857144345e+02,1.589615714285714148e+03
-2.879257142857144345e+02,1.789615714285714148e+03
-2.879257142857144345e+02,1.989615714285714148e+03
-2.879257142857144345e+02,2.189615714285714603e+03
-8.792571428571443448e+01,2.189615714285714603e+03
-8.792571428571443448e+01,1.989615714285714148e+03
-8.792571428571443448e+01,1.789615714285714148e+03
-8.792571428571443448e+01,1.589615714285714148e+03
-8.792571428571443448e+01,1.389615714285714148e+03
-8.792571428571443448e+01,1.189615714285714148e+03
-8.792571428571443448e+01,9.896157142857141480e+02
-8.792571428571443448e+01,7.896157142857141480e+02
-8.792571428571443448e+01,5.896157142857141480e+02
-8.792571428571443448e+01,3.896157142857142048e+02
-8.792571428571443448e+01,1.896157142857142048e+02
-8.792571428571443448e+01,-1.038428571428580938e+01
-8.792571428571443448e+01,-2.103842857142857952e+02
-8.792571428571443448e+01,-4.103842857142857952e+02
1.120742857142855655e+02,-4.103842857142857952e+02
1.120742857142855655e+02,-2.103842857142857952e+02
1.120742857142855655e+02,-1.038428571428580938e+01
1.120742857142855655e+02,1.896157142857142048e+02
1.120742857142855655e+02,3.896157142857142048e+02
1.120742857142855655e+02,5.896157142857141480e+02
1.120742857142855655e+02,7.896157142857141480e+02
1.120742857142855655e+02,9.896157142857141480e+02
1.120742857142855655e+02,1.189615714285714148e+03
1.120742857142855655e+02,1.389615714285714148e+03
1.120742857142855655e+02,1.589615714285714148e+03
1.120742857142855655e+02,1.789615714285714148e+03
1.120742857142855655e+02,1.989615714285714148e+03
1.120742857142855655e+02,2.189615714285714603e+03
3.120742857142855655e+02,2.189615714285714603e+03
3.120742857142855655e+02,1.989615714285714148e+03
3.120742857142855655e+02,1.789615714285714148e+03
3.120742857142855655e+02,1.589615714285714148e+03
3.120742857142855655e+02,1.389615714285714148e+03
3.120742857142855655e+02,1.189615714285714148e+03
3.120742857142855655e+02,9.896157142857141480e+02
3.120742857142855655e+02,7.896157142857141480e+02
3.120742857142855655e+02,5.896157142857141480e+02
3.120742857142855655e+02,3.896157142857142048e+02
3.120742857142855655e+02,1.896157142857142048e+02
3.120742857142855655e+02,-1.038428571428580938e+01
3.120742857142855655e+02,-2.103842857142857952e+02
3.120742857142855655e+02,-4.103842857142857952e+02
5.120742857142855655e+02,-4.103842857142857952e+02
5.120742857142855655e+02,-2.103842857142857952e+02
5.120742857142855655e+02,-1.038428571428580938e+01
5.120742857142855655e+02,1.896157142857142048e+02
5.120742857142855655e+02,3.896157142857142048e+02
5.120742857142855655e+02,5.896157142857141480e+02
5.120742857142855655e+02,7.896157142857141480e+02
5.120742857142855655e+02,9.896157142857141480e+02
5.120742857142855655e+02,1.189615714285714148e+03
5.120742857142855655e+02,1.389615714285714148e+03
5.120742857142855655e+02,1.589615714285714148e+03
5.120742857142855655e+02,1.789615714285714148e+03
5.120742857142855655e+02,1.989615714285714148e+03
7.120742857142855655e+02,1.589615714285714148e+03
7.120742857142855655e+02,1.389615714285714148e+03
7.120742857142855655e+02,1.189615714285714148e+03
7.120742857142855655e+02,9.896157142857141480e+02
7.120742857142855655e+02,7.896157142857141480e+02
7.120742857142855655e+02,5.896157142857141480e+02
7.120742857142855655e+02,3.896157142857142048e+02
7.120742857142855655e+02,1.896157142857142048e+02
7.120742857142855655e+02,-1.038428571428580938e+01
7.120742857142855655e+02,-2.103842857142857952e+02
9.120742857142855655e+02,-2.103842857142857952e+02
9.120742857142855655e+02,-1.038428571428580938e+01
9.120742857142855655e+02,1.896157142857142048e+02
9.120742857142855655e+02,3.896157142857142048e+02
9.120742857142855655e+02,5.896157142857141480e+02
9.120742857142855655e+02,7.896157142857141480e+02
9.120742857142855655e+02,9.896157142857141480e+02
9.120742857142855655e+02,1.189615714285714148e+03
9.120742857142855655e+02,1.389615714285714148e+03
-3.330477249999999913e+03,-4.358210249999999178e+03
-3.330477249999999913e+03,-4.158210249999999178e+03
-3.330477249999999913e+03,-3.958210249999999178e+03
-3.330477249999999913e+03,-3.758210249999999178e+03
-3.330477249999999913e+03,-3.558210249999999178e+03
-3.330477249999999913e+03,-3.358210249999999178e+03
-3.130477249999999913e+03,-2.958210249999999178e+03
-3.130477249999999913e+03,-3.158210249999999178e+03
-3.130477249999999913e+03,-3.358210249999999178e+03
-3.130477249999999913e+03,-3.558210249999999178e+03
-3.130477249999999913e+03,-3.758210249999999178e+03
-3.130477249999999913e+03,-3.958210249999999178e+03
-3.130477249999999913e+03,-4.158210249999999178e+03
-3.130477249999999913e+03,-4.358210249999999178e+03
-3.130477249999999913e+03,-4.558210249999999178e+03
-3.130477249999999913e+03,-4.758210249999999178e+03
-2.930477249999999913e+03,-4.958210249999999178e+03
-2.930477249999999913e+03,-4.758210249999999178e+03
-2.930477249999999913e+03,-4.558210249999999178e+03
-2.930477249999999913e+03,-4.358210249999999178e+03
-2.930477249999999913e+03,-4.158210249999999178e+03
-2.930477249999999913e+03,-3.958210249999999178e+03
-2.930477249999999913e+03,-3.758210249999999178e+03
-2.930477249999999913e+03,-3.558210249999999178e+03
-2.930477249999999913e+03,-3.358210249999999178e+03
-2.930477249999999913e+03,-3.158210249999999178e+03
-2.930477249999999913e+03,-2.958210249999999178e+03
-2.930477249999999913e+03,-2.758210249999999178e+03
-2.930477249999999913e+03,-2.558210249999999178e+03
-2.930477249999999913e+03,-2.358210249999999178e+03
-2.930477249999999913e+03,-2.158210249999999178e+03
-2.730477249999999913e+03,-2.158210249999999178e+03
-2.730477249999999913e+03,-2.358210249999999178e+03
-2.730477249999999913e+03,-2.558210249999999178e+03
-2.730477249999999913e+03,-2.758210249999999178e+03
-2.730477249999999913e+03,-2.958210249999999178e+03
-2.730477249999999913e+03,-3.158210249999999178e+03
-2.730477249999999913e+03,-3.358210249999999178e+03
-2.730477249999999913e+03,-3.558210249999999178e+03
-2.730477249999999913e+03,-3.758210249999999178e+03
-2.730477249999999913e+03,-3.958210249999999178e+03
-2.730477249999999913e+03,-4.158210249999999178e+03
-2.730477249999999913e+03,-4.358210249999999178e+03
-2.730477249999999913e+03,-4.558210249999999178e+03
-2.730477249999999913e+03,-4.758210249999999178e+03
-2.730477249999999913e+03,-4.958210249999999178e+03
-2.530477249999999913e+03,-4.958210249999999178e+03
-2.530477249999999913e+03,-4.758210249999999178e+03
-2.530477249999999913e+03,-4.558210249999999178e+03
-2.530477249999999913e+03,-4.358210249999999178e+03
-2.530477249999999913e+03,-4.158210249999999178e+03
-2.530477249999999913e+03,-3.958210249999999178e+03
-2.530477249999999913e+03,-3.758210249999999178e+03
-2.530477249999999913e+03,-3.558210249999999178e+03
-2.530477249999999913e+03,-3.358210249999999178e+03
-2.530477249999999913e+03,-3.158210249999999178e+03
-2.530477249999999913e+03,-2.958210249999999178e+03
-2.530477249999999913e+03,-2.758210249999999178e+03
-2.530477249999999913e+03,-2.558210249999999178e+03
-2.530477249999999913e+03,-2.358210249999999178e+03
-2.530477249999999913e+03,-2.158210249999999178e+03
-2.330477249999999913e+03,-2.158210249999999178e+03
-2.330477249999999913e+03,-2.358210249999999178e+03
-2.330477249999999913e+03,-2.558210249999999178e+03
-2.330477249999999913e+03,-2.758210249999999178e+03
-2.330477249999999913e+03,-2.958210249999999178e+03
-2.330477249999999913e+03,-3.158210249999999178e+03
-2.330477249999999913e+03,-3.358210249999999178e+03
-2.330477249999999913e+03,-3.558210249999999178e+03
-2.330477249999999913e+03,-3.758210249999999178e+03
-2.330477249999999913e+03,-3.958210249999999178e+03
-2.330477249999999913e+03,-4.158210249999999178e+03
-2.330477249999999913e+03,-4.358210249999999178e+03
-2.330477249999999913e+03,-4.558210249999999178e+03
-2.330477249999999913e+03,-4.758210249999999178e+03
-2.330477249999999913e+03,-4.958210249999999178e+03
-2.130477249999999913e+03,-4.958210249999999178e+03
-2.130477249999999913e+03,-4.758210249999999178e+03
-2.130477249999999913e+03,-4.558210249999999178e+03
-2.130477249999999913e+03,-4.358210249999999178e+03
-2.130477249999999913e+03,-4.158210249999999178e+03
-2.130477249999999913e+03,-3.958210249999999178e+03
-2.130477249999999913e+03,-3.758210249999999178e+03
-2.130477249999999913e+03,-3.558210249999999178e+03
-2.130477249999999913e+03,-3.358210249999999178e+03
-2.130477249999999913e+03,-3.158210249999999178e+03
-2.130477249999999913e+03,-2.958210249999999178e+03
-2.130477249999999913e+03,-2.758210249999999178e+03
-2.130477249999999913e+03,-2.558210249999999178e+03
-2.130477249999999913e+03,-2.358210249999999178e+03
-2.130477249999999913e+03,-2.158210249999999178e+03
-1.930477249999999913e+03,-2.358210249999999178e+03
-1.930477249999999913e+03,-2.558210249999999178e+03
-1.930477249999999913e+03,-2.758210249999999178e+03
-1.930477249999999913e+03,-2.958210249999999178e+03
-1.930477249999999913e+03,-3.158210249999999178e+03
-1.930477249999999913e+03,-3.358210249999999178e+03
-1.930477249999999913e+03,-3.558210249999999178e+03
-1.930477249999999913e+03,-3.758210249999999178e+03
-1.930477249999999913e+03,-3.958210249999999178e+03
-1.930477249999999913e+03,-4.158210249999999178e+03
-1.930477249999999913e+03,-4.358210249999999178e+03
-1.930477249999999913e+03,-4.558210249999999178e+03
-1.930477249999999913e+03,-4.758210249999999178e+03
-1.930477249999999913e+03,-4.958210249999999178e+03
-1.730477249999999913e+03,-4.958210249999999178e+03
-1.730477249999999913e+03,-4.758210249999999178e+03
-1.730477249999999913e+03,-4.558210249999999178e+03
-1.730477249999999913e+03,-4.358210249999999178e+03
-1.730477249999999913e+03,-4.158210249999999178e+03
-1.730477249999999913e+03,-3.958210249999999178e+03
-1.730477249999999913e+03,-3.758210249999999178e+03
-1.730477249999999913e+03,-3.558210249999999178e+03
-1.730477249999999913e+03,-3.358210249999999178e+03
-1.730477249999999913e+03,-3.158210249999999178e+03
-1.730477249999999913e+03,-2.958210249999999178e+03
-1.730477249999999913e+03,-2.758210249999999178e+03
-1.730477249999999913e+03,-2.558210249999999178e+03
-1.730477249999999913e+03,-2.358210249999999178e+03
-1.530477249999999913e+03,-2.158210249999999178e+03
-1.530477249999999913e+03,-2.358210249999999178e+03
-1.530477249999999913e+03,-2.558210249999999178e+03
-1.530477249999999913e+03,-2.758210249999999178e+03
-1.530477249999999913e+03,-2.958210249999999178e+03
-1.530477249999999913e+03,-3.158210249999999178e+03
-1.530477249999999913e+03,-3.358210249999999178e+03
-1.530477249999999913e+03,-3.558210249999999178e+03
-1.530477249999999913e+03,-3.758210249999999178e+03
-1.530477249999999913e+03,-3.958210249999999178e+03
-1.530477249999999913e+03,-4.158210249999999178e+03
-1.530477249999999913e+03,-4.358210249999999178e+03
-1.530477249999999913e+03,-4.558210249999999178e+03
-1.530477249999999913e+03,-4.758210249999999178e+03
-1.530477249999999913e+03,-4.958210249999999178e+03
-1.330477249999999913e+03,-4.958210249999999178e+03
-1.330477249999999913e+03,-4.758210249999999178e+03
-1.330477249999999913e+03,-4.558210249999999178e+03
-1.330477249999999913e+03,-4.358210249999999178e+03
-1.330477249999999913e+03,-4.158210249999999178e+03
-1.330477249999999913e+03,-3.958210249999999178e+03
-1.330477249999999913e+03,-3.758210249999999178e+03
-1.330477249999999913e+03,-3.558210249999999178e+03
-1.330477249999999913e+03,-3.358210249999999178e+03
-1.330477249999999913e+03,-3.158210249999999178e+03
-1.330477249999999913e+03,-2.958210249999999178e+03
-1.330477249999999913e+03,-2.758210249999999178e+03
-1.330477249999999913e+03,-2.558210249999999178e+03
-1.330477249999999913e+03,-2.358210249999999178e+03
-1.330477249999999913e+03,-2.158210249999999178e+03
-1.130477249999999913e+03,-2.158210249999999178e+03
-1.130477249999999913e+03,-2.358210249999999178e+03
-1.130477249999999913e+03,-2.558210249999999178e+03
-1.130477249999999913e+03,-2.758210249999999178e+03
-1.130477249999999913e+03,-2.958210249999999178e+03
-1.130477249999999913e+03,-3.158210249999999178e+03
-1.130477249999999913e+03,-3.358210249999999178e+03
-1.130477249999999913e+03,-3.558210249999999178e+03
-1.130477249999999913e+03,-3.758210249999999178e+03
-1.130477249999999913e+03,-3.958210249999999178e+03
-1.130477249999999913e+03,-4.158210249999999178e+03
-1.130477249999999913e+03,-4.358210249999999178e+03
-1.130477249999999913e+03,-4.558210249999999178e+03
-1.130477249999999913e+03,-4.758210249999999178e+03
-1.130477249999999913e+03,-4.958210249999999178e+03
-9.304772499999997990e+02,-4.958210249999999178e+03
-9.304772499999997990e+02,-4.758210249999999178e+03
-9.304772499999997990e+02,-4.558210249999999178e+03
-9.304772499999997990e+02,-4.358210249999999178e+03
-9.304772499999997990e+02,-4.158210249999999178e+03
-9.304772499999997990e+02,-3.958210249999999178e+03
-9.304772499999997990e+02,-3.758210249999999178e+03
-9.304772499999997990e+02,-3.558210249999999178e+03
-9.304772499999997990e+02,-3.358210249999999178e+03
-9.304772499999997990e+02,-3.158210249999999178e+03
-9.304772499999997990e+02,-2.958210249999999178e+03
-9.304772499999997990e+02,-2.758210249999999178e+03
-9.304772499999997990e+02,-2.558210249999999178e+03
-9.304772499999997990e+02,-2.358210249999999178e+03
-9.304772499999997990e+02,-2.158210249999999178e+03
-7.304772499999997990e+02,-2.158210249999999178e+03
-7.304772499999997990e+02,-2.358210249999999178e+03
-7.304772499999997990e+02,-2.558210249999999178e+03
-7.304772499999997990e+02,-2.758210249999999178e+03
-7.304772499999997990e+02,-2.958210249999999178e+03
-7.304772499999997990e+02,-3.158210249999999178e+03
-7.304772499999997990e+02,-3.358210249999999178e+03
-7.304772499999997990e+02,-3.558210249999999178e+03
-7.304772499999997990e+02,-3.758210249999999178e+03
-7.304772499999997990e+02,-3.958210249999999178e+03
-7.304772499999997990e+02,-4.158210249999999178e+03
-7.304772499999997990e+02,-4.358210249999999178e+03
-7.304772499999997990e+02,-4.558210249999999178e+03
-7.304772499999997990e+02,-4.758210249999999178e+03
-7.304772499999997990e+02,-4.958210249999999178e+03
-5.304772499999997990e+02,-4.958210249999999178e+03
-5.304772499999997990e+02,-4.758210249999999178e+03
-5.304772499999997990e+02,-4.558210249999999178e+03
-5.304772499999997990e+02,-4.358210249999999178e+03
-5.304772499999997990e+02,-4.158210249999999178e+03
-5.304772499999997990e+02,-3.958210249999999178e+03
-5.304772499999997990e+02,-3.758210249999999178e+03
-5.304772499999997990e+02,-3.558210249999999178e+03
-5.304772499999997990e+02,-3.358210249999999178e+03
-5.304772499999997990e+02,-3.158210249999999178e+03
-5.304772499999997990e+02,-2.958210249999999178e+03
-5.304772499999997990e+02,-2.758210249999999178e+03
-5.304772499999997990e+02,-2.558210249999999178e+03
-5.304772499999997990e+02,-2.358210249999999178e+03
-5.304772499999997990e+02,-2.158210249999999178e+03
-3.304772499999997990e+02,-2.358210249999999178e+03
-3.304772499999997990e+02,-2.558210249999999178e+03
-3.304772499999997990e+02,-2.758210249999999178e+03
-3.304772499999997990e+02,-2.958210249999999178e+03
-3.304772499999997990e+02,-3.158210249999999178e+03
-3.304772499999997990e+02,-3.358210249999999178e+03
-3.304772499999997990e+02,-3.558210249999999178e+03
-3.304772499999997990e+02,-3.758210249999999178e+03
-3.304772499999997990e+02,-3.958210249999999178e+03
-3.304772499999997990e+02,-4.158210249999999178e+03
-3.304772499999997990e+02,-4.358210249999999178e+03
-3.304772499999997990e+02,-4.558210249999999178e+03
-3.304772499999997990e+02,-4.758210249999999178e+03
-3.304772499999997990e+02,-4.958210249999999178e+03
-1.304772499999997990e+02,-4.958210249999999178e+03
-1.304772499999997990e+02,-4.758210249999999178e+03
-1.304772499999997990e+02,-4.558210249999999178e+03
-1.304772499999997990e+02,-4.358210249999999178e+03
-1.304772499999997990e+02,-4.158210249999999178e+03
-1.304772499999997990e+02,-3.958210249999999178e+03
-1.304772499999997990e+02,-3.758210249999999178e+03
-1.304772499999997990e+02,-3.558210249999999178e+03
-1.304772499999997990e+02,-3.358210249999999178e+03
-1.304772499999997990e+02,-3.158210249999999178e+03
-1.304772499999997990e+02,-2.958210249999999178e+03
-1.304772499999997990e+02,-2.758210249999999178e+03
-1.304772499999997990e+02,-2.558210249999999178e+03
6.952275000000020100e+01,-2.758210249999999178e+03
6.952275000000020100e+01,-2.958210249999999178e+03
6.952275000000020100e+01,-3.158210249999999178e+03
6.952275000000020100e+01,-3.358210249999999178e+03
6.952275000000020100e+01,-3.558210249999999178e+03
6.952275000000020100e+01,-3.758210249999999178e+03
6.952275000000020100e+01,-3.958210249999999178e+03
6.952275000000020100e+01,-4.158210249999999178e+03
6.952275000000020100e+01,-4.358210249999999178e+03
6.952275000000020100e+01,-4.558210249999999178e+03
6.952275000000020100e+01,-4.758210249999999178e+03
6.952275000000020100e+01,-4.958210249999999178e+03
2.695227500000002010e+02,-4.758210249999999178e+03
2.695227500000002010e+02,-4.558210249999999178e+03
2.695227500000002010e+02,-4.358210249999999178e+03
2.695227500000002010e+02,-4.158210249999999178e+03
2.695227500000002010e+02,-3.958210249999999178e+03
2.695227500000002010e+02,-3.758210249999999178e+03
2.695227500000002010e+02,-3.558210249999999178e+03
2.695227500000002010e+02,-3.358210249999999178e+03
2.695227500000002010e+02,-3.158210249999999178e+03
2.695227500000002010e+02,-2.958210249999999178e+03
4.695227500000002010e+02,-2.958210249999999178e+03
4.695227500000002010e+02,-3.158210249999999178e+03
4.695227500000002010e+02,-3.358210249999999178e+03
4.695227500000002010e+02,-3.558210249999999178e+03
4.695227500000002010e+02,-3.758210249999999178e+03
4.695227500000002010e+02,-3.958210249999999178e+03
4.695227500000002010e+02,-4.158210249999999178e+03
4.695227500000002010e+02,-4.358210249999999178e+03
4.695227500000002010e+02,-4.558210249999999178e+03
4.695227500000002010e+02,-4.758210249999999178e+03
6.695227500000002010e+02,-4.758210249999999178e+03
6.695227500000002010e+02,-4.558210249999999178e+03
6.695227500000002010e+02,-4.358210249999999178e+03
6.695227500000002010e+02,-4.158210249999999178e+03
6.695227500000002010e+02,-3.958210249999999178e+03
6.695227500000002010e+02,-3.758210249999999178e+03
6.695227500000002010e+02,-3.558210249999999178e+03
6.695227500000002010e+02,-3.358210249999999178e+03
6.695227500000002010e+02,-3.158210249999999178e+03
8.695227500000002010e+02,-3.158210249999999178e+03
8.695227500000002010e+02,-3.358210249999999178e+03
8.695227500000002010e+02,-3.558210249999999178e+03
8.695227500000002010e+02,-3.758210249999999178e+03
8.695227500000002010e+02,-3.958210249999999178e+03
8.695227500000002010e+02,-4.158210249999999178e+03
8.695227500000002010e+02,-4.358210249999999178e+03
8.695227500000002010e+02,-4.558210249999999178e+03
8.695227500000002010e+02,-4.758210249999999178e+03
1.069522750000000087e+03,-4.758210249999999178e+03
1.069522750000000087e+03,-4.558210249999999178e+03
1.069522750000000087e+03,-4.358210249999999178e+03
1.069522750000000087e+03,-4.158210249999999178e+03
1.069522750000000087e+03,-3.958210249999999178e+03
1.069522750000000087e+03,-3.758210249999999178e+03
1.069522750000000087e+03,-3.558210249999999178e+03
1.069522750000000087e+03,-3.358210249999999178e+03
1.269522750000000087e+03,-3.558210249999999178e+03
1.269522750000000087e+03,-3.758210249999999178e+03
1.269522750000000087e+03,-3.958210249999999178e+03
1.269522750000000087e+03,-4.158210249999999178e+03
1.269522750000000087e+03,-4.358210249999999178e+03
1.269522750000000087e+03,-4.558210249999999178e+03
1.269522750000000087e+03,-4.758210249999999178e+03
1.469522750000000087e+03,-4.358210249999999178e+03
1.469522750000000087e+03,-4.158210249999999178e+03
1.469522750000000087e+03,-3.958210249999999178e+03
1.469522750000000087e+03,-3.758210249999999178e+03
-1.081842142857142790e+03,-9.980900714285715367e+03
-1.081842142857142790e+03,-1.018090071428571537e+04
-1.081842142857142790e+03,-1.038090071428571537e+04
-1.081842142857142790e+03,-1.058090071428571537e+04
-1.081842142857142790e+03,-1.078090071428571537e+04
-1.081842142857142790e+03,-1.098090071428571537e+04
-1.081842142857142790e+03,-1.118090071428571537e+04
-1.081842142857142790e+03,-1.138090071428571537e+04
-1.081842142857142790e+03,-1.158090071428571537e+04
-1.081842142857142790e+03,-1.178090071428571537e+04
-8.818421428571429033e+02,-1.178090071428571537e+04
-8.818421428571429033e+02,-1.158090071428571537e+04
-8.818421428571429033e+02,-1.138090071428571537e+04
-8.818421428571429033e+02,-1.118090071428571537e+04
-8.818421428571429033e+02,-1.098090071428571537e+04
-8.818421428571429033e+02,-1.078090071428571537e+04
-8.818421428571429033e+02,-1.058090071428571537e+04
-8.818421428571429033e+02,-1.038090071428571537e+04
-8.818421428571429033e+02,-1.018090071428571537e+04
-8.818421428571429033e+02,-9.980900714285715367e+03
-6.818421428571427896e+02,-9.980900714285715367e+03
-6.818421428571427896e+02,-1.018090071428571537e+04
-6.818421428571427896e+02,-1.038090071428571537e+04
-6.818421428571427896e+02,-1.058090071428571537e+04
-6.818421428571427896e+02,-1.078090071428571537e+04
-6.818421428571427896e+02,-1.098090071428571537e+04
-6.818421428571427896e+02,-1.118090071428571537e+04
-6.818421428571427896e+02,-1.138090071428571537e+04
-6.818421428571427896e+02,-1.158090071428571537e+04
-6.818421428571427896e+02,-1.178090071428571537e+04
-4.818421428571427896e+02,-1.178090071428571537e+04
-4.818421428571427896e+02,-1.158090071428571537e+04
-4.818421428571427896e+02,-1.138090071428571537e+04
-4.818421428571427896e+02,-1.118090071428571537e+04
-4.818421428571427896e+02,-1.098090071428571537e+04
-4.818421428571427896e+02,-1.078090071428571537e+04
-4.818421428571427896e+02,-1.058090071428571537e+04
-4.818421428571427896e+02,-1.038090071428571537e+04
-4.818421428571427896e+02,-1.018090071428571537e+04
-4.818421428571427896e+02,-9.980900714285715367e+03
-2.818421428571427896e+02,-9.980900714285715367e+03
-2.818421428571427896e+02,-1.018090071428571537e+04
-2.818421428571427896e+02,-1.038090071428571537e+04
-2.818421428571427896e+02,-1.058090071428571537e+04
-2.818421428571427896e+02,-1.078090071428571537e+04
-2.818421428571427896e+02,-1.098090071428571537e+04
-2.818421428571427896e+02,-1.118090071428571537e+04
-2.818421428571427896e+02,-1.138090071428571537e+04
-2.818421428571427896e+02,-1.158090071428571537e+04
-2.818421428571427896e+02,-1.178090071428571537e+04
-8.184214285714284642e+01,-1.158090071428571537e+04
-8.184214285714284642e+01,-1.138090071428571537e+04
-8.184214285714284642e+01,-1.118090071428571537e+04
-8.184214285714284642e+01,-1.098090071428571537e+04
-8.184214285714284642e+01,-1.078090071428571537e+04
-8.184214285714284642e+01,-1.058090071428571537e+04
-8.184214285714284642e+01,-1.038090071428571537e+04
-8.184214285714284642e+01,-1.018090071428571537e+04
-8.184214285714284642e+01,-9.980900714285715367e+03
1.181578571428571536e+02,-9.980900714285715367e+03
1.181578571428571536e+02,-1.018090071428571537e+04
1.181578571428571536e+02,-1.038090071428571537e+04
1.181578571428571536e+02,-1.058090071428571537e+04
1.181578571428571536e+02,-1.078090071428571537e+04
1.181578571428571536e+02,-1.098090071428571537e+04
1.181578571428571536e+02,-1.118090071428571537e+04
1.181578571428571536e+02,-1.138090071428571537e+04
1.181578571428571536e+02,-1.158090071428571537e+04
3.181578571428571536e+02,-1.158090071428571537e+04
3.181578571428571536e+02,-1.138090071428571537e+04
3.181578571428571536e+02,-1.118090071428571537e+04
3.181578571428571536e+02,-1.098090071428571537e+04
3.181578571428571536e+02,-1.078090071428571537e+04
3.181578571428571536e+02,-1.058090071428571537e+04
3.181578571428571536e+02,-1.038090071428571537e+04
3.181578571428571536e+02,-1.018090071428571537e+04
3.181578571428571536e+02,-9.980900714285715367e+03
5.181578571428572104e+02,-9.980900714285715367e+03
5.181578571428572104e+02,-1.018090071428571537e+04
5.181578571428572104e+02,-1.038090071428571537e+04
5.181578571428572104e+02,-1.058090071428571537e+04
5.181578571428572104e+02,-1.078090071428571537e+04
5.181578571428572104e+02,-1.098090071428571537e+04
5.181578571428572104e+02,-1.118090071428571537e+04
5.181578571428572104e+02,-1.138090071428571537e+04
7.181578571428572104e+02,-1.138090071428571537e+04
7.181578571428572104e+02,-1.118090071428571537e+04
7.181578571428572104e+02,-1.098090071428571537e+04
7.181578571428572104e+02,-1.078090071428571537e+04
7.181578571428572104e+02,-1.058090071428571537e+04
7.181578571428572104e+02,-1.038090071428571537e+04
7.181578571428572104e+02,-1.018090071428571537e+04
7.181578571428572104e+02,-9.980900714285715367e+03
9.181578571428572104e+02,-9.980900714285715367e+03
9.181578571428572104e+02,-1.018090071428571537e+04
9.181578571428572104e+02,-1.038090071428571537e+04
9.181578571428572104e+02,-1.058090071428571537e+04
9.181578571428572104e+02,-1.078090071428571537e+04
9.181578571428572104e+02,-1.098090071428571537e+04
9.181578571428572104e+02,-1.118090071428571537e+04
9.181578571428572104e+02,-1.138090071428571537e+04
1.118157857142857210e+03,-1.138090071428571537e+04
1.118157857142857210e+03,-1.118090071428571537e+04
1.118157857142857210e+03,-1.098090071428571537e+04
1.118157857142857210e+03,-1.078090071428571537e+04
1.118157857142857210e+03,-1.058090071428571537e+04
1.118157857142857210e+03,-1.038090071428571537e+04
1.118157857142857210e+03,-1.018090071428571537e+04
1.118157857142857210e+03,-9.980900714285715367e+03
1.318157857142857210e+03,-9.980900714285715367e+03
1.318157857142857210e+03,-1.018090071428571537e+04
1.318157857142857210e+03,-1.038090071428571537e+04
1.318157857142857210e+03,-1.058090071428571537e+04
1.318157857142857210e+03,-1.078090071428571537e+04
1.318157857142857210e+03,-1.098090071428571537e+04
1.318157857142857210e+03,-1.118090071428571537e+04
1.518157857142857210e+03,-1.118090071428571537e+04
1.518157857142857210e+03,-1.098090071428571537e+04
1.518157857142857210e+03,-1.078090071428571537e+04
1.518157857142857210e+03,-1.058090071428571537e+04
1.518157857142857210e+03,-1.038090071428571537e+04
1.518157857142857210e+03,-1.018090071428571537e+04
1.518157857142857210e+03,-9.980900714285715367e+03
1.718157857142857210e+03,-9.980900714285715367e+03
1.718157857142857210e+03,-1.018090071428571537e+04
1.718157857142857210e+03,-1.038090071428571537e+04
1.718157857142857210e+03,-1.058090071428571537e+04
1.718157857142857210e+03,-1.078090071428571537e+04
1.718157857142857210e+03,-1.098090071428571537e+04
1.918157857142857210e+03,-1.078090071428571537e+04
1.918157857142857210e+03,-1.058090071428571537e+04
1.918157857142857210e+03,-1.038090071428571537e+04
1.918157857142857210e+03,-1.018090071428571537e+04
1.918157857142857210e+03,-9.980900714285715367e+03
2.118157857142857210e+03,-1.018090071428571537e+04
2.118157857142857210e+03,-1.038090071428571537e+04
2.118157857142857210e+03,-1.058090071428571537e+04
