-3.908553003095975328e+03,-1.946673684210527426e+02
-3.908553003095975328e+03,5.332631578947257367e+00
-3.908553003095975328e+03,2.053326315789472574e+02
-3.908553003095975328e+03,4.053326315789472574e+02
-3.708553003095975328e+03,1.005332631578947257e+03
-3.708553003095975328e+03,8.053326315789472574e+02
-3.708553003095975328e+03,6.053326315789472574e+02
-3.708553003095975328e+03,4.053326315789472574e+02
-3.708553003095975328e+03,2.053326315789472574e+02
-3.708553003095975328e+03,5.332631578947257367e+00
-3.708553003095975328e+03,-1.946673684210527426e+02
-3.708553003095975328e+03,-3.946673684210527426e+02
-3.708553003095975328e+03,-5.946673684210527426e+02
-3.508553003095975328e+03,-7.946673684210527426e+02
-3.508553003095975328e+03,-5.946673684210527426e+02
-3.508553003095975328e+03,-3.946673684210527426e+02
-3.508553003095975328e+03,-1.946673684210527426e+02
-3.508553003095975328e+03,5.332631578947257367e+00
-3.508553003095975328e+03,2.053326315789472574e+02
-3.508553003095975328e+03,4.053326315789472574e+02
-3.508553003095975328e+03,6.053326315789472574e+02
-3.508553003095975328e+03,8.053326315789472574e+02
-3.508553003095975328e+03,1.005332631578947257e+03
-3.508553003095975328e+03,1.205332631578947257e+03
-3.508553003095975328e+03,1.405332631578947257e+03
-3.308553003095975328e+03,1.605332631578947257e+03
-3.308553003095975328e+03,1.405332631578947257e+03
-3.308553003095975328e+03,1.205332631578947257e+03
-3.308553003095975328e+03,1.005332631578947257e+03
-3.308553003095975328e+03,8.053326315789472574e+02
-3.308553003095975328e+03,6.053326315789472574e+02
-3.308553003095975328e+03,4.053326315789472574e+02
-3.308553003095975328e+03,2.053326315789472574e+02
-3.308553003095975328e+03,5.332631578947257367e+00
-3.308553003095975328e+03,-1.946673684210527426e+02
-3.308553003095975328e+03,-3.946673684210527426e+02
-3.308553003095975328e+03,-5.946673684210527426e+02
-3.308553003095975328e+03,-7.946673684210527426e+02
-3.308553003095975328e+03,-6.594667368421052743e+03
-3.308553003095975328e+03,-6.794667368421052743e+03
-3.308553003095975328e+03,-6.994667368421052743e+03
-3.308553003095975328e+03,-7.194667368421052743e+03
-3.308553003095975328e+03,-7.394667368421052743e+03
-3.308553003095975328e+03,-7.594667368421052743e+03
-3.308553003095975328e+03,-7.794667368421052743e+03
-3.308553003095975328e+03,-7.994667368421052743e+03
-3.308553003095975328e+03,-8.194667368421052743e+03
-3.108553003095975328e+03,-8.394667368421052743e+03
-3.108553003095975328e+03,-8.194667368421052743e+03
-3.108553003095975328e+03,-7.994667368421052743e+03
-3.108553003095975328e+03,-7.794667368421052743e+03
-3.108553003095975328e+03,-7.594667368421052743e+03
-3.108553003095975328e+03,-7.394667368421052743e+03
-3.108553003095975328e+03,-7.194667368421052743e+03
-3.108553003095975328e+03,-6.994667368421052743e+03
-3.108553003095975328e+03,-6.794667368421052743e+03
-3.108553003095975328e+03,-6.594667368421052743e+03
-3.108553003095975328e+03,-6.394667368421052743e+03
-3.108553003095975328e+03,-6.194667368421052743e+03
-3.108553003095975328e+03,-5.994667368421052743e+03
-3.108553003095975328e+03,-5.794667368421052743e+03
-3.108553003095975328e+03,-9.946673684210527426e+02
-3.108553003095975328e+03,-7.946673684210527426e+02
-3.108553003095975328e+03,-5.946673684210527426e+02
-3.108553003095975328e+03,-3.946673684210527426e+02
-3.108553003095975328e+03,-1.946673684210527426e+02
-3.108553003095975328e+03,5.332631578947257367e+00
-3.108553003095975328e+03,2.053326315789472574e+02
-3.108553003095975328e+03,4.053326315789472574e+02
-3.108553003095975328e+03,6.053326315789472574e+02
-3.108553003095975328e+03,8.053326315789472574e+02
-3.108553003095975328e+03,1.005332631578947257e+03
-3.108553003095975328e+03,1.205332631578947257e+03
-3.108553003095975328e+03,1.405332631578947257e+03
-3.108553003095975328e+03,1.605332631578947257e+03
-3.108553003095975328e+03,1.805332631578947257e+03
-2.908553003095975328e+03,1.805332631578947257e+03
-2.908553003095975328e+03,1.605332631578947257e+03
-2.908553003095975328e+03,1.405332631578947257e+03
-2.908553003095975328e+03,1.205332631578947257e+03
-2.908553003095975328e+03,1.005332631578947257e+03
-2.908553003095975328e+03,8.053326315789472574e+02
-2.908553003095975328e+03,6.053326315789472574e+02
-2.908553003095975328e+03,4.053326315789472574e+02
-2.908553003095975328e+03,2.053326315789472574e+02
-2.908553003095975328e+03,5.332631578947257367e+00
-2.908553003095975328e+03,-1.946673684210527426e+02
-2.908553003095975328e+03,-3.946673684210527426e+02
-2.908553003095975328e+03,-5.946673684210527426e+02
-2.908553003095975328e+03,-7.946673684210527426e+02
-2.908553003095975328e+03,-9.946673684210527426e+02
-2.908553003095975328e+03,-5.194667368421052743e+03
-2.908553003095975328e+03,-5.394667368421052743e+03
-2.908553003095975328e+03,-5.594667368421052743e+03
-2.908553003095975328e+03,-5.794667368421052743e+03
-2.908553003095975328e+03,-5.994667368421052743e+03
-2.908553003095975328e+03,-6.194667368421052743e+03
-2.908553003095975328e+03,-6.394667368421052743e+03
-2.908553003095975328e+03,-6.594667368421052743e+03
-2.908553003095975328e+03,-6.794667368421052743e+03
-2.908553003095975328e+03,-6.994667368421052743e+03
-2.908553003095975328e+03,-7.194667368421052743e+03
-2.908553003095975328e+03,-7.394667368421052743e+03
-2.908553003095975328e+03,-7.594667368421052743e+03
-2.908553003095975328e+03,-7.794667368421052743e+03
-2.908553003095975328e+03,-7.994667368421052743e+03
-2.908553003095975328e+03,-8.194667368421052743e+03
-2.908553003095975328e+03,-8.394667368421052743e+03
-2.908553003095975328e+03,-8.594667368421052743e+03
-2.708553003095975328e+03,-8.594667368421052743e+03
-2.708553003095975328e+03,-8.394667368421052743e+03
-2.708553003095975328e+03,-8.194667368421052743e+03
-2.708553003095975328e+03,-7.994667368421052743e+03
-2.708553003095975328e+03,-7.794667368421052743e+03
-2.708553003095975328e+03,-7.594667368421052743e+03
-2.708553003095975328e+03,-7.394667368421052743e+03
-2.708553003095975328e+03,-7.194667368421052743e+03
-2.708553003095975328e+03,-6.994667368421052743e+03
-2.708553003095975328e+03,-6.794667368421052743e+03
-2.708553003095975328e+03,-6.594667368421052743e+03
-2.708553003095975328e+03,-6.394667368421052743e+03
-2.708553003095975328e+03,-6.194667368421052743e+03
-2.708553003095975328e+03,-5.994667368421052743e+03
-2.708553003095975328e+03,-5.794667368421052743e+03
-2.708553003095975328e+03,-5.594667368421052743e+03
-2.708553003095975328e+03,-5.394667368421052743e+03
-2.708553003095975328e+03,-5.194667368421052743e+03
-2.708553003095975328e+03,-4.994667368421052743e+03
-2.708553003095975328e+03,-4.794667368421052743e+03
-2.708553003095975328e+03,-9.946673684210527426e+02
-2.708553003095975328e+03,-7.946673684210527426e+02
-2.708553003095975328e+03,-5.946673684210527426e+02
-2.708553003095975328e+03,-3.946673684210527426e+02
-2.708553003095975328e+03,-1.946673684210527426e+02
-2.708553003095975328e+03,5.332631578947257367e+00
-2.708553003095975328e+03,2.053326315789472574e+02
-2.708553003095975328e+03,4.053326315789472574e+02
-2.708553003095975328e+03,6.053326315789472574e+02
-2.708553003095975328e+03,8.053326315789472574e+02
-2.708553003095975328e+03,1.005332631578947257e+03
-2.708553003095975328e+03,1.205332631578947257e+03
-2.708553003095975328e+03,1.405332631578947257e+03
-2.708553003095975328e+03,1.605332631578947257e+03
-2.708553003095975328e+03,1.805332631578947257e+03
-2.508553003095975328e+03,2.005332631578947257e+03
-2.508553003095975328e+03,1.805332631578947257e+03
-2.508553003095975328e+03,1.605332631578947257e+03
-2.508553003095975328e+03,1.405332631578947257e+03
-2.508553003095975328e+03,1.205332631578947257e+03
-2.508553003095975328e+03,1.005332631578947257e+03
-2.508553003095975328e+03,8.053326315789472574e+02
-2.508553003095975328e+03,6.053326315789472574e+02
-2.508553003095975328e+03,4.053326315789472574e+02
-2.508553003095975328e+03,2.053326315789472574e+02
-2.508553003095975328e+03,5.332631578947257367e+00
-2.508553003095975328e+03,-1.946673684210527426e+02
-2.508553003095975328e+03,-3.946673684210527426e+02
-2.508553003095975328e+03,-5.946673684210527426e+02
-2.508553003095975328e+03,-7.946673684210527426e+02
-2.508553003095975328e+03,-9.946673684210527426e+02
-2.508553003095975328e+03,-4.594667368421052743e+03
-2.508553003095975328e+03,-4.794667368421052743e+03
-2.508553003095975328e+03,-4.994667368421052743e+03
-2.508553003095975328e+03,-5.194667368421052743e+03
-2.508553003095975328e+03,-5.394667368421052743e+03
-2.508553003095975328e+03,-5.594667368421052743e+03
-2.508553003095975328e+03,-5.794667368421052743e+03
-2.508553003095975328e+03,-5.994667368421052743e+03
-2.508553003095975328e+03,-6.194667368421052743e+03
-2.508553003095975328e+03,-6.394667368421052743e+03
-2.508553003095975328e+03,-6.594667368421052743e+03
-2.508553003095975328e+03,-6.794667368421052743e+03
-2.508553003095975328e+03,-6.994667368421052743e+03
-2.508553003095975328e+03,-7.194667368421052743e+03
-2.508553003095975328e+03,-7.394667368421052743e+03
-2.508553003095975328e+03,-7.594667368421052743e+03
-2.508553003095975328e+03,-7.794667368421052743e+03
-2.508553003095975328e+03,-7.994667368421052743e+03
-2.508553003095975328e+03,-8.194667368421052743e+03
-2.508553003095975328e+03,-8.394667368421052743e+03
-2.508553003095975328e+03,-8.594667368421052743e+03
-2.308553003095975328e+03,-8.594667368421052743e+03
-2.308553003095975328e+03,-8.394667368421052743e+03
-2.308553003095975328e+03,-8.194667368421052743e+03
-2.308553003095975328e+03,-7.994667368421052743e+03
-2.308553003095975328e+03,-7.794667368421052743e+03
-2.308553003095975328e+03,-7.594667368421052743e+03
-2.308553003095975328e+03,-7.394667368421052743e+03
-2.308553003095975328e+03,-7.194667368421052743e+03
-2.308553003095975328e+03,-6.994667368421052743e+03
-2.308553003095975328e+03,-6.794667368421052743e+03
-2.308553003095975328e+03,-6.594667368421052743e+03
-2.308553003095975328e+03,-6.394667368421052743e+03
-2.308553003095975328e+03,-6.194667368421052743e+03
-2.308553003095975328e+03,-5.994667368421052743e+03
-2.308553003095975328e+03,-5.794667368421052743e+03
-2.308553003095975328e+03,-5.594667368421052743e+03
-2.308553003095975328e+03,-5.394667368421052743e+03
-2.308553003095975328e+03,-5.194667368421052743e+03
-2.308553003095975328e+03,-4.994667368421052743e+03
-2.308553003095975328e+03,-4.794667368421052743e+03
-2.308553003095975328e+03,-4.594667368421052743e+03
-2.308553003095975328e+03,-4.394667368421052743e+03
-2.308553003095975328e+03,-9.946673684210527426e+02
-2.308553003095975328e+03,-7.946673684210527426e+02
-2.308553003095975328e+03,-5.946673684210527426e+02
-2.308553003095975328e+03,-3.946673684210527426e+02
-2.308553003095975328e+03,-1.946673684210527426e+02
-2.308553003095975328e+03,5.332631578947257367e+00
-2.308553003095975328e+03,2.053326315789472574e+02
-2.308553003095975328e+03,4.053326315789472574e+02
-2.308553003095975328e+03,6.053326315789472574e+02
-2.308553003095975328e+03,8.053326315789472574e+02
-2.308553003095975328e+03,1.005332631578947257e+03
-2.308553003095975328e+03,1.205332631578947257e+03
-2.308553003095975328e+03,1.405332631578947257e+03
-2.308553003095975328e+03,1.605332631578947257e+03
-2.308553003095975328e+03,1.805332631578947257e+03
-2.308553003095975328e+03,2.005332631578947257e+03
-2.108553003095975328e+03,2.405332631578947257e+03
-2.108553003095975328e+03,2.205332631578947257e+03
-2.108553003095975328e+03,2.005332631578947257e+03
-2.108553003095975328e+03,1.805332631578947257e+03
-2.108553003095975328e+03,1.605332631578947257e+03
-2.108553003095975328e+03,1.405332631578947257e+03
-2.108553003095975328e+03,1.205332631578947257e+03
-2.108553003095975328e+03,1.005332631578947257e+03
-2.108553003095975328e+03,8.053326315789472574e+02
-2.108553003095975328e+03,6.053326315789472574e+02
-2.108553003095975328e+03,4.053326315789472574e+02
-2.108553003095975328e+03,2.053326315789472574e+02
-2.108553003095975328e+03,5.332631578947257367e+00
-2.108553003095975328e+03,-1.946673684210527426e+02
-2.108553003095975328e+03,-3.946673684210527426e+02
-2.108553003095975328e+03,-5.946673684210527426e+02
-2.108553003095975328e+03,-7.946673684210527426e+02
-2.108553003095975328e+03,-9.946673684210527426e+02
-2.108553003095975328e+03,-1.194667368421052743e+03
-2.108553003095975328e+03,-1.394667368421052743e+03
-2.108553003095975328e+03,-1.594667368421052743e+03
-2.108553003095975328e+03,-1.794667368421052743e+03
-2.108553003095975328e+03,-4.394667368421052743e+03
-2.108553003095975328e+03,-4.594667368421052743e+03
-2.108553003095975328e+03,-4.794667368421052743e+03
-2.108553003095975328e+03,-4.994667368421052743e+03
-2.108553003095975328e+03,-5.194667368421052743e+03
-2.108553003095975328e+03,-5.394667368421052743e+03
-2.108553003095975328e+03,-5.594667368421052743e+03
-2.108553003095975328e+03,-5.794667368421052743e+03
-2.108553003095975328e+03,-5.994667368421052743e+03
-2.108553003095975328e+03,-6.194667368421052743e+03
-2.108553003095975328e+03,-6.394667368421052743e+03
-2.108553003095975328e+03,-6.594667368421052743e+03
-2.108553003095975328e+03,-6.794667368421052743e+03
-2.108553003095975328e+03,-6.994667368421052743e+03
-2.108553003095975328e+03,-7.194667368421052743e+03
-2.108553003095975328e+03,-7.394667368421052743e+03
-2.108553003095975328e+03,-7.594667368421052743e+03
-2.108553003095975328e+03,-7.794667368421052743e+03
-2.108553003095975328e+03,-7.994667368421052743e+03
-2.108553003095975328e+03,-8.194667368421052743e+03
-2.108553003095975328e+03,-8.394667368421052743e+03
-2.108553003095975328e+03,-8.594667368421052743e+03
-1.908553003095975555e+03,-8.594667368421052743e+03
-1.908553003095975555e+03,-8.394667368421052743e+03
-1.908553003095975555e+03,-8.194667368421052743e+03
-1.908553003095975555e+03,-7.994667368421052743e+03
-1.908553003095975555e+03,-7.794667368421052743e+03
-1.908553003095975555e+03,-7.594667368421052743e+03
-1.908553003095975555e+03,-7.394667368421052743e+03
-1.908553003095975555e+03,-7.194667368421052743e+03
-1.908553003095975555e+03,-6.994667368421052743e+03
-1.908553003095975555e+03,-6.794667368421052743e+03
-1.908553003095975555e+03,-6.594667368421052743e+03
-1.908553003095975555e+03,-6.394667368421052743e+03
-1.908553003095975555e+03,-6.194667368421052743e+03
-1.908553003095975555e+03,-5.994667368421052743e+03
-1.908553003095975555e+03,-5.794667368421052743e+03
-1.908553003095975555e+03,-5.594667368421052743e+03
-1.908553003095975555e+03,-5.394667368421052743e+03
-1.908553003095975555e+03,-5.194667368421052743e+03
-1.908553003095975555e+03,-4.994667368421052743e+03
-1.908553003095975555e+03,-4.794667368421052743e+03
-1.908553003095975555e+03,-4.594667368421052743e+03
-1.908553003095975555e+03,-4.394667368421052743e+03
-1.908553003095975555e+03,-4.194667368421052743e+03
-1.908553003095975555e+03,-3.194667368421052743e+03
-1.908553003095975555e+03,-2.994667368421052743e+03
-1.908553003095975555e+03,-2.794667368421052743e+03
-1.908553003095975555e+03,-2.594667368421052743e+03
-1.908553003095975555e+03,-2.394667368421052743e+03
-1.908553003095975555e+03,-2.194667368421052743e+03
-1.908553003095975555e+03,-1.994667368421052743e+03
-1.908553003095975555e+03,-1.794667368421052743e+03
-1.908553003095975555e+03,-1.594667368421052743e+03
-1.908553003095975555e+03,-1.394667368421052743e+03
-1.908553003095975555e+03,-1.194667368421052743e+03
-1.908553003095975555e+03,-9.946673684210527426e+02
-1.908553003095975555e+03,-7.946673684210527426e+02
-1.908553003095975555e+03,-5.946673684210527426e+02
-1.908553003095975555e+03,-3.946673684210527426e+02
-1.908553003095975555e+03,-1.946673684210527426e+02
-1.908553003095975555e+03,5.332631578947257367e+00
-1.908553003095975555e+03,2.053326315789472574e+02
-1.908553003095975555e+03,4.053326315789472574e+02
-1.908553003095975555e+03,6.053326315789472574e+02
-1.908553003095975555e+03,8.053326315789472574e+02
-1.908553003095975555e+03,1.005332631578947257e+03
-1.908553003095975555e+03,1.205332631578947257e+03
-1.908553003095975555e+03,1.405332631578947257e+03
-1.908553003095975555e+03,1.605332631578947257e+03
-1.908553003095975555e+03,1.805332631578947257e+03
-1.908553003095975555e+03,2.005332631578947257e+03
-1.908553003095975555e+03,2.205332631578947257e+03
-1.908553003095975555e+03,2.405332631578947257e+03
-1.908553003095975555e+03,2.605332631578947257e+03
-1.908553003095975555e+03,2.805332631578947257e+03
-1.908553003095975555e+03,3.005332631578947257e+03
-1.908553003095975555e+03,5.805332631578947257e+03
-1.908553003095975555e+03,6.005332631578947257e+03
-1.908553003095975555e+03,6.205332631578947257e+03
-1.908553003095975555e+03,6.405332631578947257e+03
-1.908553003095975555e+03,6.605332631578947257e+03
-1.908553003095975555e+03,6.805332631578947257e+03
-1.908553003095975555e+03,7.005332631578947257e+03
-1.908553003095975555e+03,7.205332631578947257e+03
-1.708553003095975555e+03,7.605332631578947257e+03
-1.708553003095975555e+03,7.405332631578947257e+03
-1.708553003095975555e+03,7.205332631578947257e+03
-1.708553003095975555e+03,7.005332631578947257e+03
-1.708553003095975555e+03,6.805332631578947257e+03
-1.708553003095975555e+03,6.605332631578947257e+03
-1.708553003095975555e+03,6.405332631578947257e+03
-1.708553003095975555e+03,6.205332631578947257e+03
-1.708553003095975555e+03,6.005332631578947257e+03
-1.708553003095975555e+03,5.805332631578947257e+03
-1.708553003095975555e+03,5.605332631578947257e+03
-1.708553003095975555e+03,3.605332631578947257e+03
-1.708553003095975555e+03,3.405332631578947257e+03
-1.708553003095975555e+03,3.205332631578947257e+03
-1.708553003095975555e+03,3.005332631578947257e+03
-1.708553003095975555e+03,2.805332631578947257e+03
-1.708553003095975555e+03,2.605332631578947257e+03
-1.708553003095975555e+03,2.205332631578947257e+03
-1.708553003095975555e+03,2.005332631578947257e+03
-1.708553003095975555e+03,1.805332631578947257e+03
-1.708553003095975555e+03,1.605332631578947257e+03
-1.708553003095975555e+03,1.405332631578947257e+03
-1.708553003095975555e+03,1.205332631578947257e+03
-1.708553003095975555e+03,1.005332631578947257e+03
-1.708553003095975555e+03,8.053326315789472574e+02
-1.708553003095975555e+03,6.053326315789472574e+02
-1.708553003095975555e+03,4.053326315789472574e+02
-1.708553003095975555e+03,2.053326315789472574e+02
-1.708553003095975555e+03,5.332631578947257367e+00
-1.708553003095975555e+03,-1.946673684210527426e+02
-1.708553003095975555e+03,-3.946673684210527426e+02
-1.708553003095975555e+03,-5.946673684210527426e+02
-1.708553003095975555e+03,-7.946673684210527426e+02
-1.708553003095975555e+03,-9.946673684210527426e+02
-1.708553003095975555e+03,-1.794667368421052743e+03
-1.708553003095975555e+03,-1.994667368421052743e+03
-1.708553003095975555e+03,-2.194667368421052743e+03
-1.708553003095975555e+03,-2.394667368421052743e+03
-1.708553003095975555e+03,-2.594667368421052743e+03
-1.708553003095975555e+03,-2.794667368421052743e+03
-1.708553003095975555e+03,-2.994667368421052743e+03
-1.708553003095975555e+03,-3.194667368421052743e+03
-1.708553003095975555e+03,-3.394667368421052743e+03
-1.708553003095975555e+03,-3.594667368421052743e+03
-1.708553003095975555e+03,-3.794667368421052743e+03
-1.708553003095975555e+03,-3.994667368421052743e+03
-1.708553003095975555e+03,-4.194667368421052743e+03
-1.708553003095975555e+03,-4.394667368421052743e+03
-1.708553003095975555e+03,-4.594667368421052743e+03
-1.708553003095975555e+03,-4.794667368421052743e+03
-1.708553003095975555e+03,-4.994667368421052743e+03
-1.708553003095975555e+03,-5.194667368421052743e+03
-1.708553003095975555e+03,-5.394667368421052743e+03
-1.708553003095975555e+03,-5.594667368421052743e+03
-1.708553003095975555e+03,-5.794667368421052743e+03
-1.708553003095975555e+03,-5.994667368421052743e+03
-1.708553003095975555e+03,-6.194667368421052743e+03
-1.708553003095975555e+03,-6.394667368421052743e+03
-1.708553003095975555e+03,-6.594667368421052743e+03
-1.708553003095975555e+03,-6.794667368421052743e+03
-1.708553003095975555e+03,-6.994667368421052743e+03
-1.708553003095975555e+03,-7.194667368421052743e+03
-1.708553003095975555e+03,-7.394667368421052743e+03
-1.708553003095975555e+03,-7.594667368421052743e+03
-1.708553003095975555e+03,-7.794667368421052743e+03
-1.708553003095975555e+03,-7.994667368421052743e+03
-1.708553003095975555e+03,-8.194667368421052743e+03
-1.708553003095975555e+03,-8.394667368421052743e+03
-1.708553003095975555e+03,-8.594667368421052743e+03
-1.508553003095975555e+03,-8.594667368421052743e+03
-1.508553003095975555e+03,-8.394667368421052743e+03
-1.508553003095975555e+03,-8.194667368421052743e+03
-1.508553003095975555e+03,-7.994667368421052743e+03
-1.508553003095975555e+03,-7.794667368421052743e+03
-1.508553003095975555e+03,-7.594667368421052743e+03
-1.508553003095975555e+03,-7.394667368421052743e+03
-1.508553003095975555e+03,-7.194667368421052743e+03
-1.508553003095975555e+03,-6.994667368421052743e+03
-1.508553003095975555e+03,-6.794667368421052743e+03
-1.508553003095975555e+03,-6.594667368421052743e+03
-1.508553003095975555e+03,-6.394667368421052743e+03
-1.508553003095975555e+03,-6.194667368421052743e+03
-1.508553003095975555e+03,-5.994667368421052743e+03
-1.508553003095975555e+03,-5.794667368421052743e+03
-1.508553003095975555e+03,-5.594667368421052743e+03
-1.508553003095975555e+03,-5.394667368421052743e+03
-1.508553003095975555e+03,-5.194667368421052743e+03
-1.508553003095975555e+03,-4.994667368421052743e+03
-1.508553003095975555e+03,-4.794667368421052743e+03
-1.508553003095975555e+03,-4.594667368421052743e+03
-1.508553003095975555e+03,-4.394667368421052743e+03
-1.508553003095975555e+03,-4.194667368421052743e+03
-1.508553003095975555e+03,-3.994667368421052743e+03
-1.508553003095975555e+03,-3.794667368421052743e+03
-1.508553003095975555e+03,-3.594667368421052743e+03
-1.508553003095975555e+03,-3.394667368421052743e+03
-1.508553003095975555e+03,-3.194667368421052743e+03
-1.508553003095975555e+03,-2.994667368421052743e+03
-1.508553003095975555e+03,-2.794667368421052743e+03
-1.508553003095975555e+03,-2.594667368421052743e+03
-1.508553003095975555e+03,-9.946673684210527426e+02
-1.508553003095975555e+03,-7.946673684210527426e+02
-1.508553003095975555e+03,-5.946673684210527426e+02
-1.508553003095975555e+03,-3.946673684210527426e+02
-1.508553003095975555e+03,-1.946673684210527426e+02
-1.508553003095975555e+03,5.332631578947257367e+00
-1.508553003095975555e+03,2.053326315789472574e+02
-1.508553003095975555e+03,4.053326315789472574e+02
-1.508553003095975555e+03,6.053326315789472574e+02
-1.508553003095975555e+03,8.053326315789472574e+02
-1.508553003095975555e+03,1.005332631578947257e+03
-1.508553003095975555e+03,1.205332631578947257e+03
-1.508553003095975555e+03,1.405332631578947257e+03
-1.508553003095975555e+03,1.605332631578947257e+03
-1.508553003095975555e+03,1.805332631578947257e+03
-1.508553003095975555e+03,2.005332631578947257e+03
-1.508553003095975555e+03,2.205332631578947257e+03
-1.508553003095975555e+03,3.605332631578947257e+03
-1.508553003095975555e+03,3.805332631578947257e+03
-1.508553003095975555e+03,4.005332631578947257e+03
-1.508553003095975555e+03,5.405332631578947257e+03
-1.508553003095975555e+03,5.605332631578947257e+03
-1.508553003095975555e+03,5.805332631578947257e+03
-1.508553003095975555e+03,6.005332631578947257e+03
-1.508553003095975555e+03,6.205332631578947257e+03
-1.508553003095975555e+03,6.405332631578947257e+03
-1.508553003095975555e+03,6.605332631578947257e+03
-1.508553003095975555e+03,6.805332631578947257e+03
-1.508553003095975555e+03,7.005332631578947257e+03
-1.508553003095975555e+03,7.205332631578947257e+03
-1.508553003095975555e+03,7.405332631578947257e+03
-1.508553003095975555e+03,7.605332631578947257e+03
-1.508553003095975555e+03,7.805332631578947257e+03
-1.308553003095975555e+03,8.005332631578947257e+03
-1.308553003095975555e+03,7.805332631578947257e+03
-1.308553003095975555e+03,7.605332631578947257e+03
-1.308553003095975555e+03,7.405332631578947257e+03
-1.308553003095975555e+03,7.205332631578947257e+03
-1.308553003095975555e+03,7.005332631578947257e+03
-1.308553003095975555e+03,6.805332631578947257e+03
-1.308553003095975555e+03,6.605332631578947257e+03
-1.308553003095975555e+03,6.405332631578947257e+03
-1.308553003095975555e+03,6.205332631578947257e+03
-1.308553003095975555e+03,6.005332631578947257e+03
-1.308553003095975555e+03,5.805332631578947257e+03
-1.308553003095975555e+03,5.605332631578947257e+03
-1.308553003095975555e+03,5.405332631578947257e+03
-1.308553003095975555e+03,5.205332631578947257e+03
-1.308553003095975555e+03,4.405332631578947257e+03
-1.308553003095975555e+03,4.205332631578947257e+03
-1.308553003095975555e+03,4.005332631578947257e+03
-1.308553003095975555e+03,2.205332631578947257e+03
-1.308553003095975555e+03,2.005332631578947257e+03
-1.308553003095975555e+03,1.805332631578947257e+03
-1.308553003095975555e+03,1.605332631578947257e+03
-1.308553003095975555e+03,1.405332631578947257e+03
-1.308553003095975555e+03,1.205332631578947257e+03
-1.308553003095975555e+03,1.005332631578947257e+03
-1.308553003095975555e+03,8.053326315789472574e+02
-1.308553003095975555e+03,6.053326315789472574e+02
-1.308553003095975555e+03,4.053326315789472574e+02
-1.308553003095975555e+03,2.053326315789472574e+02
-1.308553003095975555e+03,5.332631578947257367e+00
-1.308553003095975555e+03,-1.946673684210527426e+02
-1.308553003095975555e+03,-3.946673684210527426e+02
-1.308553003095975555e+03,-5.946673684210527426e+02
-1.308553003095975555e+03,-7.946673684210527426e+02
-1.308553003095975555e+03,-3.394667368421052743e+03
-1.308553003095975555e+03,-3.594667368421052743e+03
-1.308553003095975555e+03,-3.794667368421052743e+03
-1.308553003095975555e+03,-3.994667368421052743e+03
-1.308553003095975555e+03,-4.194667368421052743e+03
-1.308553003095975555e+03,-4.394667368421052743e+03
-1.308553003095975555e+03,-4.594667368421052743e+03
-1.308553003095975555e+03,-4.794667368421052743e+03
-1.308553003095975555e+03,-4.994667368421052743e+03
-1.308553003095975555e+03,-5.194667368421052743e+03
-1.308553003095975555e+03,-5.394667368421052743e+03
-1.308553003095975555e+03,-5.594667368421052743e+03
-1.308553003095975555e+03,-5.794667368421052743e+03
-1.308553003095975555e+03,-5.994667368421052743e+03
-1.308553003095975555e+03,-6.194667368421052743e+03
-1.308553003095975555e+03,-6.394667368421052743e+03
-1.308553003095975555e+03,-6.594667368421052743e+03
-1.308553003095975555e+03,-6.794667368421052743e+03
-1.308553003095975555e+03,-6.994667368421052743e+03
-1.308553003095975555e+03,-7.194667368421052743e+03
-1.308553003095975555e+03,-7.394667368421052743e+03
-1.308553003095975555e+03,-7.594667368421052743e+03
-1.308553003095975555e+03,-7.794667368421052743e+03
-1.308553003095975555e+03,-7.994667368421052743e+03
-1.308553003095975555e+03,-8.194667368421052743e+03
-1.308553003095975555e+03,-8.394667368421052743e+03
-1.108553003095975555e+03,-8.194667368421052743e+03
-1.108553003095975555e+03,-7.994667368421052743e+03
-1.108553003095975555e+03,-7.794667368421052743e+03
-1.108553003095975555e+03,-7.594667368421052743e+03
-1.108553003095975555e+03,-7.394667368421052743e+03
-1.108553003095975555e+03,-7.194667368421052743e+03
-1.108553003095975555e+03,-6.994667368421052743e+03
-1.108553003095975555e+03,-6.794667368421052743e+03
-1.108553003095975555e+03,-6.594667368421052743e+03
-1.108553003095975555e+03,-6.394667368421052743e+03
-1.108553003095975555e+03,-6.194667368421052743e+03
-1.108553003095975555e+03,-5.994667368421052743e+03
-1.108553003095975555e+03,-5.794667368421052743e+03
-1.108553003095975555e+03,-5.594667368421052743e+03
-1.108553003095975555e+03,-5.394667368421052743e+03
-1.108553003095975555e+03,-5.194667368421052743e+03
-1.108553003095975555e+03,-4.994667368421052743e+03
-1.108553003095975555e+03,-4.794667368421052743e+03
-1.108553003095975555e+03,-4.594667368421052743e+03
-1.108553003095975555e+03,-4.394667368421052743e+03
-1.108553003095975555e+03,-4.194667368421052743e+03
-1.108553003095975555e+03,-3.994667368421052743e+03
-1.108553003095975555e+03,-7.946673684210527426e+02
-1.108553003095975555e+03,-5.946673684210527426e+02
-1.108553003095975555e+03,-3.946673684210527426e+02
-1.108553003095975555e+03,-1.946673684210527426e+02
-1.108553003095975555e+03,5.332631578947257367e+00
-1.108553003095975555e+03,2.053326315789472574e+02
-1.108553003095975555e+03,4.053326315789472574e+02
-1.108553003095975555e+03,6.053326315789472574e+02
-1.108553003095975555e+03,8.053326315789472574e+02
-1.108553003095975555e+03,1.005332631578947257e+03
-1.108553003095975555e+03,1.205332631578947257e+03
-1.108553003095975555e+03,1.405332631578947257e+03
-1.108553003095975555e+03,1.605332631578947257e+03
-1.108553003095975555e+03,1.805332631578947257e+03
-1.108553003095975555e+03,2.005332631578947257e+03
-1.108553003095975555e+03,2.205332631578947257e+03
-1.108553003095975555e+03,4.405332631578947257e+03
-1.108553003095975555e+03,4.605332631578947257e+03
-1.108553003095975555e+03,4.805332631578947257e+03
-1.108553003095975555e+03,5.005332631578947257e+03
-1.108553003095975555e+03,5.205332631578947257e+03
-1.108553003095975555e+03,5.405332631578947257e+03
-1.108553003095975555e+03,5.605332631578947257e+03
-1.108553003095975555e+03,5.805332631578947257e+03
-1.108553003095975555e+03,6.005332631578947257e+03
-1.108553003095975555e+03,6.205332631578947257e+03
-1.108553003095975555e+03,6.405332631578947257e+03
-1.108553003095975555e+03,6.605332631578947257e+03
-1.108553003095975555e+03,6.805332631578947257e+03
-1.108553003095975555e+03,7.005332631578947257e+03
-1.108553003095975555e+03,7.205332631578947257e+03
-1.108553003095975555e+03,7.405332631578947257e+03
-1.108553003095975555e+03,7.605332631578947257e+03
-1.108553003095975555e+03,7.805332631578947257e+03
-1.108553003095975555e+03,8.005332631578947257e+03
-1.108553003095975555e+03,8.205332631578947257e+03
-9.085530030959755550e+02,8.205332631578947257e+03
-9.085530030959755550e+02,8.005332631578947257e+03
-9.085530030959755550e+02,7.805332631578947257e+03
-9.085530030959755550e+02,7.605332631578947257e+03
-9.085530030959755550e+02,7.405332631578947257e+03
-9.085530030959755550e+02,7.205332631578947257e+03
-9.085530030959755550e+02,7.005332631578947257e+03
-9.085530030959755550e+02,6.805332631578947257e+03
-9.085530030959755550e+02,6.605332631578947257e+03
-9.085530030959755550e+02,6.405332631578947257e+03
-9.085530030959755550e+02,6.205332631578947257e+03
-9.085530030959755550e+02,6.005332631578947257e+03
-9.085530030959755550e+02,5.805332631578947257e+03
-9.085530030959755550e+02,5.605332631578947257e+03
-9.085530030959755550e+02,5.405332631578947257e+03
-9.085530030959755550e+02,5.205332631578947257e+03
-9.085530030959755550e+02,5.005332631578947257e+03
-9.085530030959755550e+02,4.805332631578947257e+03
-9.085530030959755550e+02,2.005332631578947257e+03
-9.085530030959755550e+02,1.805332631578947257e+03
-9.085530030959755550e+02,1.605332631578947257e+03
-9.085530030959755550e+02,1.405332631578947257e+03
-9.085530030959755550e+02,1.205332631578947257e+03
-9.085530030959755550e+02,1.005332631578947257e+03
-9.085530030959755550e+02,8.053326315789472574e+02
-9.085530030959755550e+02,6.053326315789472574e+02
-9.085530030959755550e+02,4.053326315789472574e+02
-9.085530030959755550e+02,2.053326315789472574e+02
-9.085530030959755550e+02,5.332631578947257367e+00
-9.085530030959755550e+02,-1.946673684210527426e+02
-9.085530030959755550e+02,-3.946673684210527426e+02
-9.085530030959755550e+02,-5.946673684210527426e+02
-9.085530030959755550e+02,-7.946673684210527426e+02
-9.085530030959755550e+02,-3.994667368421052743e+03
-9.085530030959755550e+02,-4.194667368421052743e+03
-9.085530030959755550e+02,-4.394667368421052743e+03
-9.085530030959755550e+02,-4.594667368421052743e+03
-9.085530030959755550e+02,-4.794667368421052743e+03
-9.085530030959755550e+02,-4.994667368421052743e+03
-9.085530030959755550e+02,-5.194667368421052743e+03
-9.085530030959755550e+02,-5.394667368421052743e+03
-9.085530030959755550e+02,-5.594667368421052743e+03
-9.085530030959755550e+02,-5.794667368421052743e+03
-9.085530030959755550e+02,-5.994667368421052743e+03
-9.085530030959755550e+02,-6.194667368421052743e+03
-9.085530030959755550e+02,-6.394667368421052743e+03
-9.085530030959755550e+02,-6.594667368421052743e+03
-9.085530030959755550e+02,-6.794667368421052743e+03
-9.085530030959755550e+02,-6.994667368421052743e+03
-9.085530030959755550e+02,-7.194667368421052743e+03
-9.085530030959755550e+02,-7.394667368421052743e+03
-9.085530030959755550e+02,-7.594667368421052743e+03
-9.085530030959755550e+02,-7.794667368421052743e+03
-9.085530030959755550e+02,-7.994667368421052743e+03
-9.085530030959755550e+02,-8.194667368421052743e+03
-7.085530030959755550e+02,-7.994667368421052743e+03
-7.085530030959755550e+02,-7.794667368421052743e+03
-7.085530030959755550e+02,-7.594667368421052743e+03
-7.085530030959755550e+02,-7.394667368421052743e+03
-7.085530030959755550e+02,-7.194667368421052743e+03
-7.085530030959755550e+02,-6.994667368421052743e+03
-7.085530030959755550e+02,-6.794667368421052743e+03
-7.085530030959755550e+02,-6.594667368421052743e+03
-7.085530030959755550e+02,-6.394667368421052743e+03
-7.085530030959755550e+02,-6.194667368421052743e+03
-7.085530030959755550e+02,-5.994667368421052743e+03
-7.085530030959755550e+02,-5.794667368421052743e+03
-7.085530030959755550e+02,-5.594667368421052743e+03
-7.085530030959755550e+02,-5.394667368421052743e+03
-7.085530030959755550e+02,-5.194667368421052743e+03
-7.085530030959755550e+02,-4.994667368421052743e+03
-7.085530030959755550e+02,-4.794667368421052743e+03
-7.085530030959755550e+02,-4.594667368421052743e+03
-7.085530030959755550e+02,-4.394667368421052743e+03
-7.085530030959755550e+02,-4.194667368421052743e+03
-7.085530030959755550e+02,-3.994667368421052743e+03
-7.085530030959755550e+02,-5.946673684210527426e+02
-7.085530030959755550e+02,-3.946673684210527426e+02
-7.085530030959755550e+02,-1.946673684210527426e+02
-7.085530030959755550e+02,5.332631578947257367e+00
-7.085530030959755550e+02,2.053326315789472574e+02
-7.085530030959755550e+02,4.053326315789472574e+02
-7.085530030959755550e+02,6.053326315789472574e+02
-7.085530030959755550e+02,8.053326315789472574e+02
-7.085530030959755550e+02,1.005332631578947257e+03
-7.085530030959755550e+02,1.205332631578947257e+03
-7.085530030959755550e+02,1.405332631578947257e+03
-7.085530030959755550e+02,1.605332631578947257e+03
-7.085530030959755550e+02,1.805332631578947257e+03
-7.085530030959755550e+02,2.005332631578947257e+03
-7.085530030959755550e+02,4.805332631578947257e+03
-7.085530030959755550e+02,5.005332631578947257e+03
-7.085530030959755550e+02,5.205332631578947257e+03
-7.085530030959755550e+02,5.405332631578947257e+03
-7.085530030959755550e+02,5.605332631578947257e+03
-7.085530030959755550e+02,5.805332631578947257e+03
-7.085530030959755550e+02,6.005332631578947257e+03
-7.085530030959755550e+02,6.205332631578947257e+03
-7.085530030959755550e+02,6.405332631578947257e+03
-7.085530030959755550e+02,6.605332631578947257e+03
-7.085530030959755550e+02,6.805332631578947257e+03
-7.085530030959755550e+02,7.005332631578947257e+03
-7.085530030959755550e+02,7.205332631578947257e+03
-7.085530030959755550e+02,7.405332631578947257e+03
-7.085530030959755550e+02,7.605332631578947257e+03
-7.085530030959755550e+02,7.805332631578947257e+03
-7.085530030959755550e+02,8.005332631578947257e+03
-7.085530030959755550e+02,8.205332631578947257e+03
-7.085530030959755550e+02,8.405332631578947257e+03
-5.085530030959755550e+02,8.405332631578947257e+03
-5.085530030959755550e+02,8.205332631578947257e+03
-5.085530030959755550e+02,8.005332631578947257e+03
-5.085530030959755550e+02,7.805332631578947257e+03
-5.085530030959755550e+02,7.605332631578947257e+03
-5.085530030959755550e+02,7.405332631578947257e+03
-5.085530030959755550e+02,7.205332631578947257e+03
-5.085530030959755550e+02,7.005332631578947257e+03
-5.085530030959755550e+02,6.805332631578947257e+03
-5.085530030959755550e+02,6.605332631578947257e+03
-5.085530030959755550e+02,6.405332631578947257e+03
-5.085530030959755550e+02,6.205332631578947257e+03
-5.085530030959755550e+02,6.005332631578947257e+03
-5.085530030959755550e+02,5.805332631578947257e+03
-5.085530030959755550e+02,5.605332631578947257e+03
-5.085530030959755550e+02,5.405332631578947257e+03
-5.085530030959755550e+02,5.205332631578947257e+03
-5.085530030959755550e+02,5.005332631578947257e+03
-5.085530030959755550e+02,4.805332631578947257e+03
-5.085530030959755550e+02,2.005332631578947257e+03
-5.085530030959755550e+02,1.805332631578947257e+03
-5.085530030959755550e+02,1.605332631578947257e+03
-5.085530030959755550e+02,1.405332631578947257e+03
-5.085530030959755550e+02,1.205332631578947257e+03
-5.085530030959755550e+02,1.005332631578947257e+03
-5.085530030959755550e+02,8.053326315789472574e+02
-5.085530030959755550e+02,6.053326315789472574e+02
-5.085530030959755550e+02,4.053326315789472574e+02
-5.085530030959755550e+02,2.053326315789472574e+02
-5.085530030959755550e+02,5.332631578947257367e+00
-5.085530030959755550e+02,-1.946673684210527426e+02
-5.085530030959755550e+02,-3.946673684210527426e+02
-5.085530030959755550e+02,-5.946673684210527426e+02
-5.085530030959755550e+02,-3.994667368421052743e+03
-5.085530030959755550e+02,-4.194667368421052743e+03
-5.085530030959755550e+02,-4.394667368421052743e+03
-5.085530030959755550e+02,-4.594667368421052743e+03
-5.085530030959755550e+02,-4.794667368421052743e+03
-5.085530030959755550e+02,-4.994667368421052743e+03
-5.085530030959755550e+02,-5.194667368421052743e+03
-5.085530030959755550e+02,-5.394667368421052743e+03
-5.085530030959755550e+02,-5.594667368421052743e+03
-5.085530030959755550e+02,-5.794667368421052743e+03
-5.085530030959755550e+02,-5.994667368421052743e+03
-5.085530030959755550e+02,-6.194667368421052743e+03
-5.085530030959755550e+02,-6.394667368421052743e+03
-5.085530030959755550e+02,-6.594667368421052743e+03
-5.085530030959755550e+02,-6.794667368421052743e+03
-5.085530030959755550e+02,-6.994667368421052743e+03
-5.085530030959755550e+02,-7.194667368421052743e+03
-5.085530030959755550e+02,-7.394667368421052743e+03
-5.085530030959755550e+02,-7.594667368421052743e+03
-5.085530030959755550e+02,-7.794667368421052743e+03
-3.085530030959755550e+02,-7.594667368421052743e+03
-3.085530030959755550e+02,-7.394667368421052743e+03
-3.085530030959755550e+02,-7.194667368421052743e+03
-3.085530030959755550e+02,-6.994667368421052743e+03
-3.085530030959755550e+02,-6.794667368421052743e+03
-3.085530030959755550e+02,-6.594667368421052743e+03
-3.085530030959755550e+02,-6.394667368421052743e+03
-3.085530030959755550e+02,-6.194667368421052743e+03
-3.085530030959755550e+02,-5.994667368421052743e+03
-3.085530030959755550e+02,-5.794667368421052743e+03
-3.085530030959755550e+02,-5.594667368421052743e+03
-3.085530030959755550e+02,-5.394667368421052743e+03
-3.085530030959755550e+02,-5.194667368421052743e+03
-3.085530030959755550e+02,-4.994667368421052743e+03
-3.085530030959755550e+02,-4.794667368421052743e+03
-3.085530030959755550e+02,-4.594667368421052743e+03
-3.085530030959755550e+02,-4.394667368421052743e+03
-3.085530030959755550e+02,-4.194667368421052743e+03
-3.085530030959755550e+02,-3.994667368421052743e+03
-3.085530030959755550e+02,-3.946673684210527426e+02
-3.085530030959755550e+02,-1.946673684210527426e+02
-3.085530030959755550e+02,5.332631578947257367e+00
-3.085530030959755550e+02,2.053326315789472574e+02
-3.085530030959755550e+02,4.053326315789472574e+02
-3.085530030959755550e+02,6.053326315789472574e+02
-3.085530030959755550e+02,8.053326315789472574e+02
-3.085530030959755550e+02,1.005332631578947257e+03
-3.085530030959755550e+02,1.205332631578947257e+03
-3.085530030959755550e+02,1.405332631578947257e+03
-3.085530030959755550e+02,1.605332631578947257e+03
-3.085530030959755550e+02,1.805332631578947257e+03
-3.085530030959755550e+02,2.005332631578947257e+03
-3.085530030959755550e+02,4.805332631578947257e+03
-3.085530030959755550e+02,5.005332631578947257e+03
-3.085530030959755550e+02,5.205332631578947257e+03
-3.085530030959755550e+02,5.405332631578947257e+03
-3.085530030959755550e+02,5.605332631578947257e+03
-3.085530030959755550e+02,5.805332631578947257e+03
-3.085530030959755550e+02,6.005332631578947257e+03
-3.085530030959755550e+02,6.205332631578947257e+03
-3.085530030959755550e+02,6.405332631578947257e+03
-3.085530030959755550e+02,6.605332631578947257e+03
-3.085530030959755550e+02,6.805332631578947257e+03
-3.085530030959755550e+02,7.005332631578947257e+03
-3.085530030959755550e+02,7.205332631578947257e+03
-3.085530030959755550e+02,7.405332631578947257e+03
-3.085530030959755550e+02,7.605332631578947257e+03
-3.085530030959755550e+02,7.805332631578947257e+03
-3.085530030959755550e+02,8.005332631578947257e+03
-3.085530030959755550e+02,8.205332631578947257e+03
-3.085530030959755550e+02,8.405332631578947257e+03
-1.085530030959755550e+02,8.405332631578947257e+03
-1.085530030959755550e+02,8.205332631578947257e+03
-1.085530030959755550e+02,8.005332631578947257e+03
-1.085530030959755550e+02,7.805332631578947257e+03
-1.085530030959755550e+02,7.605332631578947257e+03
-1.085530030959755550e+02,7.405332631578947257e+03
-1.085530030959755550e+02,7.205332631578947257e+03
-1.085530030959755550e+02,7.005332631578947257e+03
-1.085530030959755550e+02,6.805332631578947257e+03
-1.085530030959755550e+02,6.605332631578947257e+03
-1.085530030959755550e+02,6.405332631578947257e+03
-1.085530030959755550e+02,6.205332631578947257e+03
-1.085530030959755550e+02,6.005332631578947257e+03
-1.085530030959755550e+02,5.805332631578947257e+03
-1.085530030959755550e+02,5.605332631578947257e+03
-1.085530030959755550e+02,5.405332631578947257e+03
-1.085530030959755550e+02,5.205332631578947257e+03
-1.085530030959755550e+02,5.005332631578947257e+03
-1.085530030959755550e+02,4.805332631578947257e+03
-1.085530030959755550e+02,4.605332631578947257e+03
-1.085530030959755550e+02,2.005332631578947257e+03
-1.085530030959755550e+02,1.805332631578947257e+03
-1.085530030959755550e+02,1.605332631578947257e+03
-1.085530030959755550e+02,1.405332631578947257e+03
-1.085530030959755550e+02,1.205332631578947257e+03
-1.085530030959755550e+02,1.005332631578947257e+03
-1.085530030959755550e+02,8.053326315789472574e+02
-1.085530030959755550e+02,6.053326315789472574e+02
-1.085530030959755550e+02,4.053326315789472574e+02
-1.085530030959755550e+02,2.053326315789472574e+02
-1.085530030959755550e+02,5.332631578947257367e+00
-1.085530030959755550e+02,-1.946673684210527426e+02
-1.085530030959755550e+02,-3.946673684210527426e+02
-1.085530030959755550e+02,-3.994667368421052743e+03
-1.085530030959755550e+02,-4.194667368421052743e+03
-1.085530030959755550e+02,-4.394667368421052743e+03
-1.085530030959755550e+02,-4.594667368421052743e+03
-1.085530030959755550e+02,-4.794667368421052743e+03
-1.085530030959755550e+02,-4.994667368421052743e+03
-1.085530030959755550e+02,-5.194667368421052743e+03
-1.085530030959755550e+02,-5.394667368421052743e+03
-1.085530030959755550e+02,-5.594667368421052743e+03
-1.085530030959755550e+02,-5.794667368421052743e+03
-1.085530030959755550e+02,-5.994667368421052743e+03
-1.085530030959755550e+02,-6.194667368421052743e+03
-1.085530030959755550e+02,-6.394667368421052743e+03
-1.085530030959755550e+02,-6.594667368421052743e+03
-1.085530030959755550e+02,-6.794667368421052743e+03
-1.085530030959755550e+02,-6.994667368421052743e+03
-1.085530030959755550e+02,-7.194667368421052743e+03
-1.085530030959755550e+02,-7.394667368421052743e+03
-1.085530030959755550e+02,-7.594667368421052743e+03
9.144699690402444503e+01,-7.394667368421052743e+03
9.144699690402444503e+01,-7.194667368421052743e+03
9.144699690402444503e+01,-6.994667368421052743e+03
9.144699690402444503e+01,-6.794667368421052743e+03
9.144699690402444503e+01,-6.594667368421052743e+03
9.144699690402444503e+01,-6.394667368421052743e+03
9.144699690402444503e+01,-6.194667368421052743e+03
9.144699690402444503e+01,-5.994667368421052743e+03
9.144699690402444503e+01,-5.794667368421052743e+03
9.144699690402444503e+01,-5.594667368421052743e+03
9.144699690402444503e+01,-5.394667368421052743e+03
9.144699690402444503e+01,-5.194667368421052743e+03
9.144699690402444503e+01,-4.994667368421052743e+03
9.144699690402444503e+01,-4.794667368421052743e+03
9.144699690402444503e+01,-4.594667368421052743e+03
9.144699690402444503e+01,-4.394667368421052743e+03
9.144699690402444503e+01,-4.194667368421052743e+03
9.144699690402444503e+01,-1.946673684210527426e+02
9.144699690402444503e+01,5.332631578947257367e+00
9.144699690402444503e+01,2.053326315789472574e+02
9.144699690402444503e+01,4.053326315789472574e+02
9.144699690402444503e+01,6.053326315789472574e+02
9.144699690402444503e+01,8.053326315789472574e+02
9.144699690402444503e+01,1.005332631578947257e+03
9.144699690402444503e+01,1.205332631578947257e+03
9.144699690402444503e+01,1.405332631578947257e+03
9.144699690402444503e+01,1.605332631578947257e+03
9.144699690402444503e+01,1.805332631578947257e+03
9.144699690402444503e+01,2.005332631578947257e+03
9.144699690402444503e+01,4.605332631578947257e+03
9.144699690402444503e+01,4.805332631578947257e+03
9.144699690402444503e+01,5.005332631578947257e+03
9.144699690402444503e+01,5.205332631578947257e+03
9.144699690402444503e+01,5.405332631578947257e+03
9.144699690402444503e+01,5.605332631578947257e+03
9.144699690402444503e+01,5.805332631578947257e+03
9.144699690402444503e+01,6.005332631578947257e+03
9.144699690402444503e+01,6.205332631578947257e+03
9.144699690402444503e+01,6.405332631578947257e+03
9.144699690402444503e+01,6.605332631578947257e+03
9.144699690402444503e+01,6.805332631578947257e+03
9.144699690402444503e+01,7.005332631578947257e+03
9.144699690402444503e+01,7.205332631578947257e+03
9.144699690402444503e+01,7.405332631578947257e+03
9.144699690402444503e+01,7.605332631578947257e+03
9.144699690402444503e+01,7.805332631578947257e+03
9.144699690402444503e+01,8.005332631578947257e+03
9.144699690402444503e+01,8.205332631578947257e+03
9.144699690402444503e+01,8.405332631578947257e+03
2.914469969040244450e+02,8.405332631578947257e+03
2.914469969040244450e+02,8.205332631578947257e+03
2.914469969040244450e+02,8.005332631578947257e+03
2.914469969040244450e+02,7.805332631578947257e+03
2.914469969040244450e+02,7.605332631578947257e+03
2.914469969040244450e+02,7.405332631578947257e+03
2.914469969040244450e+02,7.205332631578947257e+03
2.914469969040244450e+02,7.005332631578947257e+03
2.914469969040244450e+02,6.805332631578947257e+03
2.914469969040244450e+02,6.605332631578947257e+03
2.914469969040244450e+02,6.405332631578947257e+03
2.914469969040244450e+02,6.205332631578947257e+03
2.914469969040244450e+02,6.005332631578947257e+03
2.914469969040244450e+02,5.805332631578947257e+03
2.914469969040244450e+02,5.605332631578947257e+03
2.914469969040244450e+02,5.405332631578947257e+03
2.914469969040244450e+02,5.205332631578947257e+03
2.914469969040244450e+02,5.005332631578947257e+03
2.914469969040244450e+02,4.805332631578947257e+03
2.914469969040244450e+02,4.605332631578947257e+03
2.914469969040244450e+02,1.805332631578947257e+03
2.914469969040244450e+02,1.605332631578947257e+03
2.914469969040244450e+02,1.405332631578947257e+03
2.914469969040244450e+02,1.205332631578947257e+03
2.914469969040244450e+02,1.005332631578947257e+03
2.914469969040244450e+02,8.053326315789472574e+02
2.914469969040244450e+02,6.053326315789472574e+02
2.914469969040244450e+02,4.053326315789472574e+02
2.914469969040244450e+02,2.053326315789472574e+02
2.914469969040244450e+02,5.332631578947257367e+00
2.914469969040244450e+02,-4.194667368421052743e+03
2.914469969040244450e+02,-4.394667368421052743e+03
2.914469969040244450e+02,-4.594667368421052743e+03
2.914469969040244450e+02,-4.794667368421052743e+03
2.914469969040244450e+02,-4.994667368421052743e+03
2.914469969040244450e+02,-5.194667368421052743e+03
2.914469969040244450e+02,-5.394667368421052743e+03
2.914469969040244450e+02,-5.594667368421052743e+03
2.914469969040244450e+02,-5.794667368421052743e+03
2.914469969040244450e+02,-5.994667368421052743e+03
2.914469969040244450e+02,-6.194667368421052743e+03
2.914469969040244450e+02,-6.394667368421052743e+03
2.914469969040244450e+02,-6.594667368421052743e+03
2.914469969040244450e+02,-6.794667368421052743e+03
2.914469969040244450e+02,-6.994667368421052743e+03
2.914469969040244450e+02,-7.194667368421052743e+03
4.914469969040244450e+02,-6.794667368421052743e+03
4.914469969040244450e+02,-6.594667368421052743e+03
4.914469969040244450e+02,-6.394667368421052743e+03
4.914469969040244450e+02,-6.194667368421052743e+03
4.914469969040244450e+02,-5.994667368421052743e+03
4.914469969040244450e+02,-5.794667368421052743e+03
4.914469969040244450e+02,-5.594667368421052743e+03
4.914469969040244450e+02,-5.394667368421052743e+03
4.914469969040244450e+02,-5.194667368421052743e+03
4.914469969040244450e+02,-4.994667368421052743e+03
4.914469969040244450e+02,-4.794667368421052743e+03
4.914469969040244450e+02,-4.594667368421052743e+03
4.914469969040244450e+02,-4.394667368421052743e+03
4.914469969040244450e+02,4.053326315789472574e+02
4.914469969040244450e+02,6.053326315789472574e+02
4.914469969040244450e+02,8.053326315789472574e+02
4.914469969040244450e+02,1.005332631578947257e+03
4.914469969040244450e+02,1.205332631578947257e+03
4.914469969040244450e+02,1.405332631578947257e+03
4.914469969040244450e+02,4.605332631578947257e+03
4.914469969040244450e+02,4.805332631578947257e+03
4.914469969040244450e+02,5.005332631578947257e+03
4.914469969040244450e+02,5.205332631578947257e+03
4.914469969040244450e+02,5.405332631578947257e+03
4.914469969040244450e+02,5.605332631578947257e+03
4.914469969040244450e+02,5.805332631578947257e+03
4.914469969040244450e+02,6.005332631578947257e+03
4.914469969040244450e+02,6.205332631578947257e+03
4.914469969040244450e+02,6.405332631578947257e+03
4.914469969040244450e+02,6.605332631578947257e+03
4.914469969040244450e+02,6.805332631578947257e+03
4.914469969040244450e+02,7.005332631578947257e+03
4.914469969040244450e+02,7.205332631578947257e+03
4.914469969040244450e+02,7.405332631578947257e+03
4.914469969040244450e+02,7.605332631578947257e+03
4.914469969040244450e+02,7.805332631578947257e+03
4.914469969040244450e+02,8.005332631578947257e+03
4.914469969040244450e+02,8.205332631578947257e+03
4.914469969040244450e+02,8.405332631578947257e+03
6.914469969040244450e+02,8.405332631578947257e+03
6.914469969040244450e+02,8.205332631578947257e+03
6.914469969040244450e+02,8.005332631578947257e+03
6.914469969040244450e+02,7.805332631578947257e+03
6.914469969040244450e+02,7.605332631578947257e+03
6.914469969040244450e+02,7.405332631578947257e+03
6.914469969040244450e+02,7.205332631578947257e+03
6.914469969040244450e+02,7.005332631578947257e+03
6.914469969040244450e+02,6.805332631578947257e+03
6.914469969040244450e+02,6.605332631578947257e+03
6.914469969040244450e+02,6.405332631578947257e+03
6.914469969040244450e+02,6.205332631578947257e+03
6.914469969040244450e+02,6.005332631578947257e+03
6.914469969040244450e+02,5.805332631578947257e+03
6.914469969040244450e+02,5.605332631578947257e+03
6.914469969040244450e+02,5.405332631578947257e+03
6.914469969040244450e+02,5.205332631578947257e+03
6.914469969040244450e+02,5.005332631578947257e+03
6.914469969040244450e+02,4.805332631578947257e+03
6.914469969040244450e+02,4.605332631578947257e+03
6.914469969040244450e+02,-4.594667368421052743e+03
6.914469969040244450e+02,-4.794667368421052743e+03
6.914469969040244450e+02,-4.994667368421052743e+03
6.914469969040244450e+02,-5.194667368421052743e+03
6.914469969040244450e+02,-5.394667368421052743e+03
6.914469969040244450e+02,-5.594667368421052743e+03
6.914469969040244450e+02,-5.794667368421052743e+03
6.914469969040244450e+02,-5.994667368421052743e+03
6.914469969040244450e+02,-6.194667368421052743e+03
8.914469969040244450e+02,-5.594667368421052743e+03
8.914469969040244450e+02,-5.394667368421052743e+03
8.914469969040244450e+02,-5.194667368421052743e+03
8.914469969040244450e+02,-4.994667368421052743e+03
8.914469969040244450e+02,4.605332631578947257e+03
8.914469969040244450e+02,4.805332631578947257e+03
8.914469969040244450e+02,5.005332631578947257e+03
8.914469969040244450e+02,5.205332631578947257e+03
8.914469969040244450e+02,5.405332631578947257e+03
8.914469969040244450e+02,5.605332631578947257e+03
8.914469969040244450e+02,5.805332631578947257e+03
8.914469969040244450e+02,6.005332631578947257e+03
8.914469969040244450e+02,6.205332631578947257e+03
8.914469969040244450e+02,6.405332631578947257e+03
8.914469969040244450e+02,6.605332631578947257e+03
8.914469969040244450e+02,6.805332631578947257e+03
8.914469969040244450e+02,7.005332631578947257e+03
8.914469969040244450e+02,7.205332631578947257e+03
8.914469969040244450e+02,7.405332631578947257e+03
8.914469969040244450e+02,7.605332631578947257e+03
8.914469969040244450e+02,7.805332631578947257e+03
8.914469969040244450e+02,8.005332631578947257e+03
8.914469969040244450e+02,8.205332631578947257e+03
8.914469969040244450e+02,8.405332631578947257e+03
1.091446996904024445e+03,8.205332631578947257e+03
1.091446996904024445e+03,8.005332631578947257e+03
1.091446996904024445e+03,7.805332631578947257e+03
1.091446996904024445e+03,7.605332631578947257e+03
1.091446996904024445e+03,7.405332631578947257e+03
1.091446996904024445e+03,7.205332631578947257e+03
1.091446996904024445e+03,7.005332631578947257e+03
1.091446996904024445e+03,6.805332631578947257e+03
1.091446996904024445e+03,6.605332631578947257e+03
1.091446996904024445e+03,6.405332631578947257e+03
1.091446996904024445e+03,6.205332631578947257e+03
1.091446996904024445e+03,6.005332631578947257e+03
1.091446996904024445e+03,5.805332631578947257e+03
1.091446996904024445e+03,5.605332631578947257e+03
1.091446996904024445e+03,5.405332631578947257e+03
1.091446996904024445e+03,5.205332631578947257e+03
1.091446996904024445e+03,5.005332631578947257e+03
1.091446996904024445e+03,4.805332631578947257e+03
1.291446996904024445e+03,4.805332631578947257e+03
1.291446996904024445e+03,5.005332631578947257e+03
1.291446996904024445e+03,5.205332631578947257e+03
1.291446996904024445e+03,5.405332631578947257e+03
1.291446996904024445e+03,5.605332631578947257e+03
1.291446996904024445e+03,5.805332631578947257e+03
1.291446996904024445e+03,6.005332631578947257e+03
1.291446996904024445e+03,6.205332631578947257e+03
1.291446996904024445e+03,6.405332631578947257e+03
1.291446996904024445e+03,6.605332631578947257e+03
1.291446996904024445e+03,6.805332631578947257e+03
1.291446996904024445e+03,7.005332631578947257e+03
1.291446996904024445e+03,7.205332631578947257e+03
1.291446996904024445e+03,7.405332631578947257e+03
1.291446996904024445e+03,7.605332631578947257e+03
1.291446996904024445e+03,7.805332631578947257e+03
1.291446996904024445e+03,8.005332631578947257e+03
1.291446996904024445e+03,8.205332631578947257e+03
1.491446996904024445e+03,8.005332631578947257e+03
1.491446996904024445e+03,7.805332631578947257e+03
1.491446996904024445e+03,7.605332631578947257e+03
1.491446996904024445e+03,7.405332631578947257e+03
1.491446996904024445e+03,7.205332631578947257e+03
1.491446996904024445e+03,7.005332631578947257e+03
1.491446996904024445e+03,6.805332631578947257e+03
1.491446996904024445e+03,6.605332631578947257e+03
1.491446996904024445e+03,6.405332631578947257e+03
1.491446996904024445e+03,6.205332631578947257e+03
1.491446996904024445e+03,6.005332631578947257e+03
1.491446996904024445e+03,5.805332631578947257e+03
1.491446996904024445e+03,5.605332631578947257e+03
1.491446996904024445e+03,5.405332631578947257e+03
1.491446996904024445e+03,5.205332631578947257e+03
1.491446996904024445e+03,5.005332631578947257e+03
1.491446996904024445e+03,4.805332631578947257e+03
1.691446996904024445e+03,5.005332631578947257e+03
1.691446996904024445e+03,5.205332631578947257e+03
1.691446996904024445e+03,5.405332631578947257e+03
1.691446996904024445e+03,5.605332631578947257e+03
1.691446996904024445e+03,5.805332631578947257e+03
1.691446996904024445e+03,6.005332631578947257e+03
1.691446996904024445e+03,6.205332631578947257e+03
1.691446996904024445e+03,6.405332631578947257e+03
1.691446996904024445e+03,6.605332631578947257e+03
1.691446996904024445e+03,6.805332631578947257e+03
1.691446996904024445e+03,7.005332631578947257e+03
1.691446996904024445e+03,7.205332631578947257e+03
1.691446996904024445e+03,7.405332631578947257e+03
1.691446996904024445e+03,7.605332631578947257e+03
1.691446996904024445e+03,7.805332631578947257e+03
1.891446996904024672e+03,7.605332631578947257e+03
1.891446996904024672e+03,7.405332631578947257e+03
1.891446996904024672e+03,7.205332631578947257e+03
1.891446996904024672e+03,7.005332631578947257e+03
1.891446996904024672e+03,6.805332631578947257e+03
1.891446996904024672e+03,6.605332631578947257e+03
1.891446996904024672e+03,6.405332631578947257e+03
1.891446996904024672e+03,6.205332631578947257e+03
1.891446996904024672e+03,6.005332631578947257e+03
1.891446996904024672e+03,5.805332631578947257e+03
1.891446996904024672e+03,5.605332631578947257e+03
1.891446996904024672e+03,5.405332631578947257e+03
1.891446996904024672e+03,5.205332631578947257e+03
1.891446996904024672e+03,5.005332631578947257e+03
2.091446996904024672e+03,5.205332631578947257e+03
2.091446996904024672e+03,5.405332631578947257e+03
2.091446996904024672e+03,5.605332631578947257e+03
2.091446996904024672e+03,5.805332631578947257e+03
2.091446996904024672e+03,6.005332631578947257e+03
2.091446996904024672e+03,6.205332631578947257e+03
2.091446996904024672e+03,6.405332631578947257e+03
2.091446996904024672e+03,6.605332631578947257e+03
2.091446996904024672e+03,6.805332631578947257e+03
2.091446996904024672e+03,7.005332631578947257e+03
2.091446996904024672e+03,7.205332631578947257e+03
2.091446996904024672e+03,7.405332631578947257e+03
2.291446996904024672e+03,7.205332631578947257e+03
2.291446996904024672e+03,7.005332631578947257e+03
2.291446996904024672e+03,6.805332631578947257e+03
2.291446996904024672e+03,6.605332631578947257e+03
2.291446996904024672e+03,6.405332631578947257e+03
2.291446996904024672e+03,6.205332631578947257e+03
2.291446996904024672e+03,6.005332631578947257e+03
2.291446996904024672e+03,5.805332631578947257e+03
2.291446996904024672e+03,5.605332631578947257e+03
2.291446996904024672e+03,5.405332631578947257e+03
2.491446996904024672e+03,5.605332631578947257e+03
2.491446996904024672e+03,5.805332631578947257e+03
2.491446996904024672e+03,6.005332631578947257e+03
2.491446996904024672e+03,6.205332631578947257e+03
2.491446996904024672e+03,6.405332631578947257e+03
2.491446996904024672e+03,6.605332631578947257e+03
2.491446996904024672e+03,6.805332631578947257e+03
2.491446996904024672e+03,7.005332631578947257e+03
2.691446996904024672e+03,6.205332631578947257e+03
2.691446996904024672e+03,6.005332631578947257e+03
2.691446996904024672e+03,5.805332631578947257e+03
2.891446996904024672e+03,5.605332631578947257e+03
2.891446996904024672e+03,5.805332631578947257e+03
2.891446996904024672e+03,6.005332631578947257e+03
3.091446996904024672e+03,5.605332631578947257e+03
3.091446996904024672e+03,5.405332631578947257e+03
3.291446996904024672e+03,5.205332631578947257e+03
3.291446996904024672e+03,5.405332631578947257e+03
3.291446996904024672e+03,5.605332631578947257e+03
3.491446996904024672e+03,5.405332631578947257e+03
3.491446996904024672e+03,5.205332631578947257e+03
3.491446996904024672e+03,5.005332631578947257e+03
3.691446996904024672e+03,4.805332631578947257e+03
3.691446996904024672e+03,5.005332631578947257e+03
3.691446996904024672e+03,5.205332631578947257e+03
3.891446996904024672e+03,5.005332631578947257e+03
3.891446996904024672e+03,4.805332631578947257e+03
3.891446996904024672e+03,4.605332631578947257e+03
4.091446996904024672e+03,4.405332631578947257e+03
4.091446996904024672e+03,4.605332631578947257e+03
4.291446996904024672e+03,4.405332631578947257e+03
4.291446996904024672e+03,4.205332631578947257e+03
4.291446996904024672e+03,4.005332631578947257e+03
4.491446996904024672e+03,3.805332631578947257e+03
4.491446996904024672e+03,4.005332631578947257e+03
4.491446996904024672e+03,4.205332631578947257e+03
4.691446996904024672e+03,3.805332631578947257e+03
4.691446996904024672e+03,3.605332631578947257e+03
4.891446996904024672e+03,3.205332631578947257e+03
4.891446996904024672e+03,3.405332631578947257e+03
4.891446996904024672e+03,3.605332631578947257e+03
5.091446996904024672e+03,3.405332631578947257e+03
5.091446996904024672e+03,3.205332631578947257e+03
5.091446996904024672e+03,3.005332631578947257e+03
5.291446996904024672e+03,2.805332631578947257e+03
5.291446996904024672e+03,3.005332631578947257e+03
5.491446996904024672e+03,2.805332631578947257e+03
5.491446996904024672e+03,2.605332631578947257e+03
5.691446996904024672e+03,2.605332631578947257e+03
5.691446996904024672e+03,2.805332631578947257e+03
5.891446996904024672e+03,2.605332631578947257e+03
5.891446996904024672e+03,2.405332631578947257e+03
5.891446996904024672e+03,1.605332631578947257e+03
5.891446996904024672e+03,1.405332631578947257e+03
5.891446996904024672e+03,1.205332631578947257e+03
5.891446996904024672e+03,1.005332631578947257e+03
5.891446996904024672e+03,8.053326315789472574e+02
5.891446996904024672e+03,6.053326315789472574e+02
5.891446996904024672e+03,4.053326315789472574e+02
5.891446996904024672e+03,2.053326315789472574e+02
6.091446996904024672e+03,5.332631578947257367e+00
6.091446996904024672e+03,2.053326315789472574e+02
6.091446996904024672e+03,4.053326315789472574e+02
6.091446996904024672e+03,6.053326315789472574e+02
6.091446996904024672e+03,8.053326315789472574e+02
6.091446996904024672e+03,1.005332631578947257e+03
6.091446996904024672e+03,1.205332631578947257e+03
6.091446996904024672e+03,1.405332631578947257e+03
6.091446996904024672e+03,1.605332631578947257e+03
6.091446996904024672e+03,1.805332631578947257e+03
6.091446996904024672e+03,2.205332631578947257e+03
6.091446996904024672e+03,2.405332631578947257e+03
6.291446996904024672e+03,2.205332631578947257e+03
6.291446996904024672e+03,2.005332631578947257e+03
6.291446996904024672e+03,1.805332631578947257e+03
6.291446996904024672e+03,1.605332631578947257e+03
6.291446996904024672e+03,1.405332631578947257e+03
6.291446996904024672e+03,1.205332631578947257e+03
6.291446996904024672e+03,1.005332631578947257e+03
6.291446996904024672e+03,8.053326315789472574e+02
6.291446996904024672e+03,6.053326315789472574e+02
6.291446996904024672e+03,4.053326315789472574e+02
6.291446996904024672e+03,2.053326315789472574e+02
6.291446996904024672e+03,5.332631578947257367e+00
6.491446996904024672e+03,-1.946673684210527426e+02
6.491446996904024672e+03,5.332631578947257367e+00
6.491446996904024672e+03,2.053326315789472574e+02
6.491446996904024672e+03,4.053326315789472574e+02
6.491446996904024672e+03,6.053326315789472574e+02
6.491446996904024672e+03,8.053326315789472574e+02
6.491446996904024672e+03,1.005332631578947257e+03
6.491446996904024672e+03,1.205332631578947257e+03
6.491446996904024672e+03,1.405332631578947257e+03
6.491446996904024672e+03,1.605332631578947257e+03
6.491446996904024672e+03,1.805332631578947257e+03
6.491446996904024672e+03,2.005332631578947257e+03
6.491446996904024672e+03,2.205332631578947257e+03
6.491446996904024672e+03,2.405332631578947257e+03
6.691446996904024672e+03,2.405332631578947257e+03
6.691446996904024672e+03,2.205332631578947257e+03
6.691446996904024672e+03,2.005332631578947257e+03
6.691446996904024672e+03,1.805332631578947257e+03
6.691446996904024672e+03,1.605332631578947257e+03
6.691446996904024672e+03,1.405332631578947257e+03
6.691446996904024672e+03,1.205332631578947257e+03
6.691446996904024672e+03,1.005332631578947257e+03
6.691446996904024672e+03,8.053326315789472574e+02
6.691446996904024672e+03,6.053326315789472574e+02
6.691446996904024672e+03,4.053326315789472574e+02
6.691446996904024672e+03,2.053326315789472574e+02
6.691446996904024672e+03,5.332631578947257367e+00
6.691446996904024672e+03,-1.946673684210527426e+02
6.891446996904024672e+03,-1.946673684210527426e+02
6.891446996904024672e+03,5.332631578947257367e+00
6.891446996904024672e+03,2.053326315789472574e+02
6.891446996904024672e+03,4.053326315789472574e+02
6.891446996904024672e+03,6.053326315789472574e+02
6.891446996904024672e+03,8.053326315789472574e+02
6.891446996904024672e+03,1.005332631578947257e+03
6.891446996904024672e+03,1.205332631578947257e+03
6.891446996904024672e+03,1.405332631578947257e+03
6.891446996904024672e+03,1.605332631578947257e+03
6.891446996904024672e+03,1.805332631578947257e+03
6.891446996904024672e+03,2.005332631578947257e+03
6.891446996904024672e+03,2.205332631578947257e+03
6.891446996904024672e+03,2.405332631578947257e+03
6.891446996904024672e+03,2.605332631578947257e+03
7.091446996904024672e+03,2.605332631578947257e+03
7.091446996904024672e+03,2.405332631578947257e+03
7.091446996904024672e+03,2.205332631578947257e+03
7.091446996904024672e+03,2.005332631578947257e+03
7.091446996904024672e+03,1.805332631578947257e+03
7.091446996904024672e+03,1.605332631578947257e+03
7.091446996904024672e+03,1.405332631578947257e+03
7.091446996904024672e+03,1.205332631578947257e+03
7.091446996904024672e+03,1.005332631578947257e+03
7.091446996904024672e+03,8.053326315789472574e+02
7.091446996904024672e+03,6.053326315789472574e+02
7.091446996904024672e+03,4.053326315789472574e+02
7.091446996904024672e+03,2.053326315789472574e+02
7.091446996904024672e+03,5.332631578947257367e+00
7.091446996904024672e+03,-1.946673684210527426e+02
7.091446996904024672e+03,-3.946673684210527426e+02
7.291446996904024672e+03,-3.946673684210527426e+02
7.291446996904024672e+03,-1.946673684210527426e+02
7.291446996904024672e+03,5.332631578947257367e+00
7.291446996904024672e+03,2.053326315789472574e+02
7.291446996904024672e+03,4.053326315789472574e+02
7.291446996904024672e+03,6.053326315789472574e+02
7.291446996904024672e+03,8.053326315789472574e+02
7.291446996904024672e+03,1.005332631578947257e+03
7.291446996904024672e+03,1.205332631578947257e+03
7.291446996904024672e+03,1.405332631578947257e+03
7.291446996904024672e+03,1.605332631578947257e+03
7.291446996904024672e+03,1.805332631578947257e+03
7.291446996904024672e+03,2.005332631578947257e+03
7.291446996904024672e+03,2.205332631578947257e+03
7.291446996904024672e+03,2.405332631578947257e+03
7.291446996904024672e+03,2.605332631578947257e+03
7.491446996904024672e+03,2.805332631578947257e+03
7.491446996904024672e+03,2.605332631578947257e+03
7.491446996904024672e+03,2.405332631578947257e+03
7.491446996904024672e+03,2.205332631578947257e+03
7.491446996904024672e+03,2.005332631578947257e+03
7.491446996904024672e+03,1.805332631578947257e+03
7.491446996904024672e+03,1.605332631578947257e+03
7.491446996904024672e+03,1.405332631578947257e+03
7.491446996904024672e+03,1.205332631578947257e+03
7.491446996904024672e+03,1.005332631578947257e+03
7.491446996904024672e+03,8.053326315789472574e+02
7.491446996904024672e+03,6.053326315789472574e+02
7.491446996904024672e+03,4.053326315789472574e+02
7.491446996904024672e+03,2.053326315789472574e+02
7.491446996904024672e+03,5.332631578947257367e+00
7.491446996904024672e+03,-1.946673684210527426e+02
7.491446996904024672e+03,-3.946673684210527426e+02
7.691446996904024672e+03,-3.946673684210527426e+02
7.691446996904024672e+03,-1.946673684210527426e+02
7.691446996904024672e+03,5.332631578947257367e+00
7.691446996904024672e+03,2.053326315789472574e+02
7.691446996904024672e+03,4.053326315789472574e+02
7.691446996904024672e+03,6.053326315789472574e+02
7.691446996904024672e+03,8.053326315789472574e+02
7.691446996904024672e+03,1.005332631578947257e+03
7.691446996904024672e+03,1.205332631578947257e+03
7.691446996904024672e+03,1.405332631578947257e+03
7.691446996904024672e+03,1.605332631578947257e+03
7.691446996904024672e+03,1.805332631578947257e+03
7.691446996904024672e+03,2.005332631578947257e+03
7.691446996904024672e+03,2.205332631578947257e+03
7.691446996904024672e+03,2.405332631578947257e+03
7.691446996904024672e+03,2.605332631578947257e+03
7.691446996904024672e+03,2.805332631578947257e+03
7.891446996904024672e+03,3.005332631578947257e+03
7.891446996904024672e+03,2.805332631578947257e+03
7.891446996904024672e+03,2.605332631578947257e+03
7.891446996904024672e+03,2.405332631578947257e+03
7.891446996904024672e+03,2.205332631578947257e+03
7.891446996904024672e+03,2.005332631578947257e+03
7.891446996904024672e+03,1.805332631578947257e+03
7.891446996904024672e+03,1.605332631578947257e+03
7.891446996904024672e+03,1.405332631578947257e+03
7.891446996904024672e+03,1.205332631578947257e+03
7.891446996904024672e+03,1.005332631578947257e+03
7.891446996904024672e+03,8.053326315789472574e+02
7.891446996904024672e+03,6.053326315789472574e+02
7.891446996904024672e+03,4.053326315789472574e+02
7.891446996904024672e+03,2.053326315789472574e+02
7.891446996904024672e+03,5.332631578947257367e+00
7.891446996904024672e+03,-1.946673684210527426e+02
7.891446996904024672e+03,-3.946673684210527426e+02
8.091446996904024672e+03,-5.946673684210527426e+02
8.091446996904024672e+03,-3.946673684210527426e+02
8.091446996904024672e+03,-1.946673684210527426e+02
8.091446996904024672e+03,5.332631578947257367e+00
8.091446996904024672e+03,2.053326315789472574e+02
8.091446996904024672e+03,4.053326315789472574e+02
8.091446996904024672e+03,6.053326315789472574e+02
8.091446996904024672e+03,8.053326315789472574e+02
8.091446996904024672e+03,1.005332631578947257e+03
8.091446996904024672e+03,1.205332631578947257e+03
8.091446996904024672e+03,1.405332631578947257e+03
8.091446996904024672e+03,1.605332631578947257e+03
8.091446996904024672e+03,1.805332631578947257e+03
8.091446996904024672e+03,2.005332631578947257e+03
8.091446996904024672e+03,2.205332631578947257e+03
8.091446996904024672e+03,2.405332631578947257e+03
8.091446996904024672e+03,2.605332631578947257e+03
8.091446996904024672e+03,2.805332631578947257e+03
8.091446996904024672e+03,3.005332631578947257e+03
8.291446996904025582e+03,3.005332631578947257e+03
8.291446996904025582e+03,2.805332631578947257e+03
8.291446996904025582e+03,2.605332631578947257e+03
8.291446996904025582e+03,2.405332631578947257e+03
8.291446996904025582e+03,2.205332631578947257e+03
8.291446996904025582e+03,2.005332631578947257e+03
8.291446996904025582e+03,1.805332631578947257e+03
8.291446996904025582e+03,1.605332631578947257e+03
8.291446996904025582e+03,1.405332631578947257e+03
8.291446996904025582e+03,1.205332631578947257e+03
8.291446996904025582e+03,1.005332631578947257e+03
8.291446996904025582e+03,8.053326315789472574e+02
8.291446996904025582e+03,6.053326315789472574e+02
8.291446996904025582e+03,4.053326315789472574e+02
8.291446996904025582e+03,2.053326315789472574e+02
8.291446996904025582e+03,5.332631578947257367e+00
8.291446996904025582e+03,-1.946673684210527426e+02
8.291446996904025582e+03,-3.946673684210527426e+02
8.291446996904025582e+03,-5.946673684210527426e+02
8.491446996904025582e+03,-5.946673684210527426e+02
8.491446996904025582e+03,-3.946673684210527426e+02
8.491446996904025582e+03,-1.946673684210527426e+02
8.491446996904025582e+03,5.332631578947257367e+00
8.491446996904025582e+03,2.053326315789472574e+02
8.491446996904025582e+03,4.053326315789472574e+02
8.491446996904025582e+03,6.053326315789472574e+02
8.491446996904025582e+03,8.053326315789472574e+02
8.491446996904025582e+03,1.005332631578947257e+03
8.491446996904025582e+03,1.205332631578947257e+03
8.491446996904025582e+03,1.405332631578947257e+03
8.491446996904025582e+03,1.605332631578947257e+03
8.491446996904025582e+03,1.805332631578947257e+03
8.491446996904025582e+03,2.005332631578947257e+03
8.491446996904025582e+03,2.205332631578947257e+03
8.491446996904025582e+03,2.405332631578947257e+03
8.491446996904025582e+03,2.605332631578947257e+03
8.491446996904025582e+03,2.805332631578947257e+03
8.491446996904025582e+03,3.005332631578947257e+03
8.691446996904025582e+03,3.005332631578947257e+03
8.691446996904025582e+03,2.805332631578947257e+03
8.691446996904025582e+03,2.605332631578947257e+03
8.691446996904025582e+03,2.405332631578947257e+03
8.691446996904025582e+03,2.205332631578947257e+03
8.691446996904025582e+03,2.005332631578947257e+03
8.691446996904025582e+03,1.805332631578947257e+03
8.691446996904025582e+03,1.605332631578947257e+03
8.691446996904025582e+03,1.405332631578947257e+03
8.691446996904025582e+03,1.205332631578947257e+03
8.691446996904025582e+03,1.005332631578947257e+03
8.691446996904025582e+03,8.053326315789472574e+02
8.691446996904025582e+03,6.053326315789472574e+02
8.691446996904025582e+03,4.053326315789472574e+02
8.691446996904025582e+03,2.053326315789472574e+02
8.691446996904025582e+03,5.332631578947257367e+00
8.691446996904025582e+03,-1.946673684210527426e+02
8.691446996904025582e+03,-3.946673684210527426e+02
8.691446996904025582e+03,-5.946673684210527426e+02
8.891446996904025582e+03,-5.946673684210527426e+02
8.891446996904025582e+03,-3.946673684210527426e+02
8.891446996904025582e+03,-1.946673684210527426e+02
8.891446996904025582e+03,5.332631578947257367e+00
8.891446996904025582e+03,2.053326315789472574e+02
8.891446996904025582e+03,4.053326315789472574e+02
8.891446996904025582e+03,6.053326315789472574e+02
8.891446996904025582e+03,8.053326315789472574e+02
8.891446996904025582e+03,1.005332631578947257e+03
8.891446996904025582e+03,1.205332631578947257e+03
8.891446996904025582e+03,1.405332631578947257e+03
8.891446996904025582e+03,1.605332631578947257e+03
8.891446996904025582e+03,1.805332631578947257e+03
8.891446996904025582e+03,2.005332631578947257e+03
8.891446996904025582e+03,2.205332631578947257e+03
8.891446996904025582e+03,2.405332631578947257e+03
8.891446996904025582e+03,2.605332631578947257e+03
8.891446996904025582e+03,2.805332631578947257e+03
8.891446996904025582e+03,3.005332631578947257e+03
9.091446996904025582e+03,3.005332631578947257e+03
9.091446996904025582e+03,2.805332631578947257e+03
9.091446996904025582e+03,2.605332631578947257e+03
9.091446996904025582e+03,2.405332631578947257e+03
9.091446996904025582e+03,2.205332631578947257e+03
9.091446996904025582e+03,2.005332631578947257e+03
9.091446996904025582e+03,1.805332631578947257e+03
9.091446996904025582e+03,1.605332631578947257e+03
9.091446996904025582e+03,1.405332631578947257e+03
9.091446996904025582e+03,1.205332631578947257e+03
9.091446996904025582e+03,1.005332631578947257e+03
9.091446996904025582e+03,8.053326315789472574e+02
9.091446996904025582e+03,6.053326315789472574e+02
9.091446996904025582e+03,4.053326315789472574e+02
9.091446996904025582e+03,2.053326315789472574e+02
9.091446996904025582e+03,5.332631578947257367e+00
9.091446996904025582e+03,-1.946673684210527426e+02
9.091446996904025582e+03,-3.946673684210527426e+02
9.091446996904025582e+03,-5.946673684210527426e+02
9.291446996904025582e+03,-5.946673684210527426e+02
9.291446996904025582e+03,-3.946673684210527426e+02
9.291446996904025582e+03,-1.946673684210527426e+02
9.291446996904025582e+03,5.332631578947257367e+00
9.291446996904025582e+03,2.053326315789472574e+02
9.291446996904025582e+03,4.053326315789472574e+02
9.291446996904025582e+03,6.053326315789472574e+02
9.291446996904025582e+03,8.053326315789472574e+02
9.291446996904025582e+03,1.005332631578947257e+03
9.291446996904025582e+03,1.205332631578947257e+03
9.291446996904025582e+03,1.405332631578947257e+03
9.291446996904025582e+03,1.605332631578947257e+03
9.291446996904025582e+03,1.805332631578947257e+03
9.291446996904025582e+03,2.005332631578947257e+03
9.291446996904025582e+03,2.205332631578947257e+03
9.291446996904025582e+03,2.405332631578947257e+03
9.291446996904025582e+03,2.605332631578947257e+03
9.291446996904025582e+03,2.805332631578947257e+03
9.291446996904025582e+03,3.005332631578947257e+03
9.491446996904025582e+03,3.005332631578947257e+03
9.491446996904025582e+03,2.805332631578947257e+03
9.491446996904025582e+03,2.605332631578947257e+03
9.491446996904025582e+03,2.405332631578947257e+03
9.491446996904025582e+03,2.205332631578947257e+03
9.491446996904025582e+03,2.005332631578947257e+03
9.491446996904025582e+03,1.805332631578947257e+03
9.491446996904025582e+03,1.605332631578947257e+03
9.491446996904025582e+03,1.405332631578947257e+03
9.491446996904025582e+03,1.205332631578947257e+03
9.491446996904025582e+03,1.005332631578947257e+03
9.491446996904025582e+03,8.053326315789472574e+02
9.491446996904025582e+03,6.053326315789472574e+02
9.491446996904025582e+03,4.053326315789472574e+02
9.491446996904025582e+03,2.053326315789472574e+02
9.491446996904025582e+03,5.332631578947257367e+00
9.491446996904025582e+03,-1.946673684210527426e+02
9.491446996904025582e+03,-3.946673684210527426e+02
9.691446996904025582e+03,-3.946673684210527426e+02
9.691446996904025582e+03,-1.946673684210527426e+02
9.691446996904025582e+03,5.332631578947257367e+00
9.691446996904025582e+03,2.053326315789472574e+02
9.691446996904025582e+03,4.053326315789472574e+02
9.691446996904025582e+03,6.053326315789472574e+02
9.691446996904025582e+03,8.053326315789472574e+02
9.691446996904025582e+03,1.005332631578947257e+03
9.691446996904025582e+03,1.205332631578947257e+03
9.691446996904025582e+03,1.405332631578947257e+03
9.691446996904025582e+03,1.605332631578947257e+03
9.691446996904025582e+03,1.805332631578947257e+03
9.691446996904025582e+03,2.005332631578947257e+03
9.691446996904025582e+03,2.205332631578947257e+03
9.691446996904025582e+03,2.405332631578947257e+03
9.691446996904025582e+03,2.605332631578947257e+03
9.691446996904025582e+03,2.805332631578947257e+03
9.691446996904025582e+03,3.005332631578947257e+03
9.891446996904025582e+03,2.805332631578947257e+03
9.891446996904025582e+03,2.605332631578947257e+03
9.891446996904025582e+03,2.405332631578947257e+03
9.891446996904025582e+03,2.205332631578947257e+03
9.891446996904025582e+03,2.005332631578947257e+03
9.891446996904025582e+03,1.805332631578947257e+03
9.891446996904025582e+03,1.605332631578947257e+03
9.891446996904025582e+03,1.405332631578947257e+03
9.891446996904025582e+03,1.205332631578947257e+03
9.891446996904025582e+03,1.005332631578947257e+03
9.891446996904025582e+03,8.053326315789472574e+02
9.891446996904025582e+03,6.053326315789472574e+02
9.891446996904025582e+03,4.053326315789472574e+02
9.891446996904025582e+03,2.053326315789472574e+02
9.891446996904025582e+03,5.332631578947257367e+00
9.891446996904025582e+03,-1.946673684210527426e+02
1.009144699690402558e+04,5.332631578947257367e+00
1.009144699690402558e+04,2.053326315789472574e+02
1.009144699690402558e+04,4.053326315789472574e+02
1.009144699690402558e+04,6.053326315789472574e+02
1.009144699690402558e+04,8.053326315789472574e+02
1.009144699690402558e+04,1.005332631578947257e+03
1.009144699690402558e+04,1.205332631578947257e+03
1.009144699690402558e+04,1.405332631578947257e+03
1.009144699690402558e+04,1.605332631578947257e+03
1.009144699690402558e+04,1.805332631578947257e+03
1.009144699690402558e+04,2.005332631578947257e+03
1.009144699690402558e+04,2.205332631578947257e+03
1.009144699690402558e+04,2.405332631578947257e+03
1.029144699690402558e+04,2.205332631578947257e+03
1.029144699690402558e+04,2.005332631578947257e+03
1.029144699690402558e+04,1.805332631578947257e+03
1.029144699690402558e+04,1.605332631578947257e+03
1.029144699690402558e+04,1.405332631578947257e+03
1.029144699690402558e+04,1.205332631578947257e+03
1.029144699690402558e+04,1.005332631578947257e+03
1.029144699690402558e+04,8.053326315789472574e+02
1.029144699690402558e+04,6.053326315789472574e+02
1.029144699690402558e+04,4.053326315789472574e+02
1.049144699690402558e+04,1.005332631578947257e+03
1.049144699690402558e+04,1.205332631578947257e+03
1.049144699690402558e+04,1.405332631578947257e+03
1.049144699690402558e+04,1.605332631578947257e+03
1.049144699690402558e+04,1.805332631578947257e+03
1.049144699690402558e+04,2.005332631578947257e+03
1.069144699690402558e+04,1.805332631578947257e+03
1.069144699690402558e+04,1.605332631578947257e+03
