-4944.66,-3111.31
-5000.40,-3089.42
-5087.98,-3047.62
-5215.38,-2993.87
-5348.75,-2948.09
-5384.58,-2846.56
-5404.49,-2671.39
-5432.36,-2593.76
-5426.39,-2464.37
-5408.47,-2400.67
-5348.75,-2307.11
-5340.79,-2235.45
-5322.88,-2157.82
-5336.81,-2100.09
-5344.77,-2002.55
-5318.89,-1871.17
-5308.94,-1694.00
-5277.09,-1566.61
-5201.45,-1477.03
-5167.61,-1387.45
-5163.63,-1313.80
-5131.78,-1238.16
-5076.04,-1156.54
-5064.10,-1118.72
-5058.13,-1060.99
-4980.49,-973.41
-4944.66,-901.74
-4908.83,-836.05
-4847.12,-712.64
-4805.32,-668.84
-4751.57,-640.97
-4644.08,-573.29
-4588.34,-519.55
-4568.44,-459.83
-4460.94,-352.34
-4419.14,-254.80
-4367.39,-179.15
-4245.96,-89.58
-4202.17,-75.64
-4116.57,-69.67
-4068.80,-95.55
-3975.24,-121.43
-3911.54,-121.43
-3804.04,-119.44
-3720.44,-111.47
-3591.05,-71.66
-3479.58,-9.95
-3388.01,13.93
-3250.66,5.97
-3165.06,-7.96
-3011.78,-47.77
-2971.97,-55.74
-2854.53,-71.66
-2782.86,-75.64
-2697.27,-75.64
-2611.67,-75.64
-2561.91,-83.61
-2494.23,-153.28
-2442.47,-191.10
-2374.79,-266.74
-2279.24,-314.52
-2116.01,-412.06
-2030.42,-441.91
-1954.77,-451.87
-1829.37,-447.89
-1713.91,-457.84
-1636.28,-497.65
-1532.77,-553.39
-1441.20,-611.12
-1375.51,-672.82
-1331.71,-722.59
-1287.92,-754.44
-1297.87,-798.23
-1329.72,-919.66
-1333.70,-1037.10
-1341.67,-1130.66
-1327.73,-1250.10
-1329.72,-1415.32
-1285.93,-1514.85
-1222.23,-1552.67
-1106.78,-1632.30
-1007.25,-1721.87
-985.35,-1745.76
-946.06,-1847.54
-965.87,-1961.46
-1015.40,-2139.78
-1124.37,-2228.94
-1268.02,-2352.77
-1268.02,-2511.27
-1312.60,-2714.35
-1337.36,-2971.92
-1372.03,-3110.60
-1466.14,-3214.62
3451.11,-3081.35
3502.47,-2917.01
3584.63,-2814.30
3712.11,-2670.62
3824.38,-2620.45
3896.04,-2517.74
3974.87,-2446.07
4068.03,-2381.58
4146.86,-2321.86
4240.02,-2204.81
4318.85,-2123.59
4455.01,-2016.10
4521.89,-1975.49
4605.50,-1939.66
4672.38,-1879.94
4763.16,-1779.61
4820.49,-1731.84
4894.54,-1707.95
4942.31,-1693.62
5040.25,-1660.18
5159.69,-1655.40
5252.85,-1631.51
5386.62,-1600.46
5529.94,-1512.08
5666.10,-1409.36
5699.54,-1325.75
5802.26,-1306.64
5866.76,-1330.53
6031.58,-1268.42
6294.34,-1165.71
6425.72,-1079.71
6511.72,-967.44
6590.55,-843.23
6631.15,-764.40
6690.87,-711.85
6721.93,-676.01
6877.19,-597.19
7034.85,-558.97
7120.85,-525.52
7295.22,-613.91
7586.65,-783.51
7641.59,-874.28
7753.86,-996.11
7858.97,-1103.60
7971.24,-1163.32
8073.96,-1213.48
8128.90,-1275.59
8150.40,-1318.59
8195.78,-1356.81
8265.06,-1414.14
8391.66,-1514.46
8475.26,-1605.24
8508.71,-1679.29
8546.93,-1741.39
8573.20,-1887.11
8577.98,-2059.10
8568.43,-2309.92
8558.87,-2489.07
8518.26,-2596.56
8437.04,-2675.39
8310.44,-2816.33
8243.56,-2892.77
8138.45,-2997.87
8030.96,-3153.14
7973.63,-3334.69
7918.69,-3468.46
7875.69,-3659.56
7811.19,-3757.49
7763.42,-3831.55
7684.59,-3965.32
7610.54,-4094.31
7514.99,-4208.97
7436.16,-4290.18
7364.50,-4412.01
7273.73,-4612.67
7225.95,-4734.49
7221.17,-4775.10
7228.34,-4870.65
7185.34,-5009.20
7185.34,-5116.69
7187.73,-5214.63
7085.02,-5329.29
7032.46,-5451.11
7015.74,-5728.21
7006.19,-5833.31
6991.85,-5907.36
7233.12,-5250.46
7235.51,-5295.85
7221.17,-5463.06
7218.79,-5580.11
7228.34,-5783.15
7211.62,-5983.80
7123.24,-6256.12
7025.30,-6471.11
6970.36,-6657.43
6841.36,-6843.75
6743.42,-6924.97
6657.43,-6970.36
6478.27,-6982.30
6411.39,-6948.86
6330.17,-6822.25
6306.28,-6764.92
6208.35,-6776.87
6096.08,-6870.03
6012.47,-6901.08
5912.14,-6886.75
5818.98,-6865.25
5711.49,-6781.64
5606.38,-6729.09
5451.11,-6674.15
5350.79,-6700.43
5240.90,-6795.98
5188.35,-6788.81
5090.41,-6741.04
5013.97,-6695.65
4908.87,-6657.43
4591.17,-6678.93
4517.12,-6676.54
4388.12,-6602.49
4383.35,-6521.27
4352.29,-6456.78
4149.25,-6456.78
4029.81,-6432.89
3876.93,-6406.61
3814.82,-6344.50
3857.82,-6303.90
3967.70,-6308.67
4089.53,-6306.28
3993.98,-6268.06
3843.49,-6210.74
3776.60,-6177.29
3733.61,-6148.63
3654.78,-6091.30
3480.40,-6041.13
3384.85,-6002.91
3248.69,-5976.64
3143.59,-5933.64
3005.04,-5912.14
2897.55,-5914.53
2902.32,-5869.14
2993.10,-5826.15
2950.10,-5747.32
2876.05,-5599.22
2887.99,-5518.00
2897.55,-5458.28
2930.99,-5312.57
3007.43,-5257.63
3021.76,-5224.18
3007.43,-5109.52
2952.49,-4896.93
2938.16,-4765.54
2933.38,-4660.44
2951.29,-4571.41
3009.77,-4430.38
3030.41,-4306.55
3064.80,-4230.88
3085.44,-4120.80
3137.04,-3990.09
3136.87,-3880.03
3203.22,-3748.98
3249.67,-3642.82
3274.56,-3549.92
3306.07,-3450.39
3335.93,-3345.89
3385.70,-3238.06
3437.12,-3121.94
-1535.80,-3277.58
-1571.74,-3338.40
-1592.48,-3393.70
-1617.36,-3507.05
-1649.16,-3588.61
-1668.51,-3674.32
-1741.77,-3747.58
-1780.48,-3775.23
-1799.83,-3851.26
-1823.33,-3916.23
-1863.42,-3967.38
-1875.86,-3986.73
-1931.16,-4048.94
-1944.98,-4093.17
-1975.39,-4169.20
-1996.13,-4223.11
-2026.54,-4308.82
-2043.13,-4348.91
-2040.36,-4400.06
-1996.13,-4436.00
-1940.83,-4478.85
-1902.13,-4509.26
-1881.39,-4601.88
-1884.16,-4676.53
-1884.16,-4713.85
-1891.07,-4807.85
-1922.86,-4899.09
-1936.69,-4946.09
-1925.63,-5041.47
-1956.04,-5143.77
-1940.83,-5266.80
-1918.72,-5344.21
-1859.28,-5427.15
-1824.72,-5504.56
-1799.83,-5576.44
-1779.10,-5626.21
-1736.25,-5753.39
-1694.77,-5834.95
-1667.13,-5922.03
-1700.30,-6054.74
-1748.69,-6161.18
-1830.25,-6190.21
-1907.66,-6194.36
-2019.63,-6197.12
-2090.13,-6173.62
-2239.42,-6141.83
-2298.87,-6122.48
-2298.87,-6121.09
-2365.22,-6085.15
-2365.22,-6049.21
-2356.93,-5956.59
-2347.25,-5901.30
-2315.45,-5840.48
-2355.54,-5756.15
-2434.34,-5696.71
-2481.34,-5700.86
-2549.07,-5779.65
-2648.60,-5826.65
-2755.05,-5850.15
-2891.90,-5881.95
-2948.58,-5935.86
-2991.43,-6043.68
-3017.69,-6139.07
-3075.75,-6192.98
-3074.37,-6148.74
-3068.84,-6094.83
-3117.22,-6104.51
-3194.64,-6148.74
-3238.87,-6186.07
-3316.28,-6226.15
-3397.84,-6274.54
-3501.52,-6331.21
-3540.23,-6327.07
-3549.90,-6246.89
-3606.58,-6191.60
-3700.58,-6190.21
-3764.17,-6184.68
-3845.73,-6155.65
-3878.91,-6128.01
-3920.38,-6069.95
-3970.14,-5984.24
-4036.49,-5922.03
-4138.79,-5898.53
-4209.29,-5877.80
-4263.20,-5822.50
-4332.32,-5779.65
-4424.94,-5711.92
-4458.11,-5658.00
-4485.76,-5602.71
-4512.03,-5525.30
-4570.09,-5472.77
-4637.82,-5463.09
-4713.85,-5435.44
-4794.03,-5410.56
-4922.59,-5371.86
-4983.41,-5345.59
-5017.97,-5291.68
-5049.76,-5211.50
-5096.77,-5142.38
-5136.85,-5096.77
-5165.88,-5051.15
-5178.32,-5015.21
-5186.62,-4941.94
-5217.03,-4864.53
-5324.85,-4767.76
-5377.38,-4713.85
-5396.74,-4673.76
-5374.62,-4611.56
-5360.80,-4568.70
-5351.12,-4531.38
-5334.53,-4496.82
-5291.68,-4394.53
-5282.00,-4300.53
-5342.83,-4234.17
-5367.71,-4205.14
-5348.35,-4080.73
-5352.50,-3975.67
-5377.38,-3909.32
-5418.86,-3831.90
-5377.38,-3704.73
-5366.33,-3606.58
-5346.97,-3534.70
-5320.71,-3502.90
-5251.59,-3435.17
-5170.03,-3348.08
-5134.09,-3288.64
-5084.32,-3225.05
-4969.59,-3169.75
