7501.19,-2662.86
7417.97,-2591.54
7328.82,-2448.88
7156.44,-2217.07
7031.62,-2014.98
6918.69,-1771.28
6752.26,-1426.53
6740.37,-1248.22
6758.20,-1040.18
6770.09,-861.86
6752.26,-713.27
6740.37,-564.67
6829.53,-404.18
6667.81,-94.15
6505.18,85.59
6436.70,299.58
6376.79,419.41
6291.19,582.04
6188.48,710.43
5895.65,986.03
5803.20,1068.20
5659.41,1253.08
5566.97,1396.88
5484.80,1468.78
5392.36,1550.94
5238.29,1663.93
5094.49,1705.01
4837.72,1684.47
4673.38,1653.66
4611.75,1561.22
4601.48,1417.42
4652.83,1191.45
4673.38,996.30
4529.58,1027.12
4426.87,1160.64
4344.70,1242.81
4293.34,1314.71
4211.18,1468.78
4087.92,1304.44
3985.21,1212.00
3666.80,1068.20
3564.09,831.96
3677.07,523.83
3769.52,308.13
3810.60,174.61
3903.04,-82.17
4129.01,-359.49
4334.43,-595.73
4467.95,-790.88
4673.38,-1068.20
4940.43,-1314.71
5238.29,-1489.32
5659.41,-1776.91
5926.46,-1941.25
6440.02,-2146.67
6840.59,-2300.74
7169.27,-2454.81
7497.95,-2732.13
-1440.80,-3937.23
-1519.26,-3808.84
-1904.42,-3716.12
-2047.08,-3680.46
-2118.40,-3573.47
-2097.00,-3566.33
-1932.95,-3480.74
-1861.63,-3445.08
-1697.57,-3395.15
-1547.79,-3330.96
-1455.06,-3281.03
-1340.94,-3181.17
-1262.48,-3038.52
-1119.83,-2974.32
-941.51,-2888.73
-834.52,-2838.80
-827.39,-2760.34
-848.79,-2596.29
-1012.84,-2439.37
-1141.23,-2346.65
-1248.22,-2196.86
-1362.34,-2032.81
-1462.20,-1904.42
-1540.66,-1704.71
-1669.04,-1447.93
-1783.17,-1291.01
-1847.36,-1248.22
-1954.35,-1126.96
-2082.74,-998.57
-2246.79,-848.79
-2382.31,-741.80
-2517.83,-584.88
-2653.35,-492.15
-2831.67,-427.96
-3102.71,-413.69
-3316.69,-485.02
-3402.28,-627.67
-3302.43,-898.72
-3316.69,-1062.77
-3537.80,-1091.30
-3823.11,-1176.89
-4051.36,-1191.16
-4158.35,-1476.46
-4151.21,-1825.96
-4172.61,-1997.15
-4051.36,-2332.38
-3930.10,-2296.72
-3794.58,-2203.99
-3580.60,-2011.41
-3487.87,-1940.09
-3273.89,-1790.30
-3445.08,-2011.41
-3395.15,-2189.73
-3316.69,-2360.91
-3159.77,-2660.49
-3045.65,-2617.69
-2874.47,-2517.83
-2738.94,-2503.57
-2717.55,-2717.55
-2746.08,-2988.59
-2753.21,-3152.64
-2796.01,-3288.16
-2853.07,-3480.74
-2845.93,-3794.58
-2817.40,-4065.62
-2696.15,-4272.47
-2524.96,-4343.79
-2203.99,-4429.39
-1883.02,-4329.53
-1811.70,-4236.80
-1761.77,-3994.29
-1733.24,-3794.58
-1733.24,-3680.46
