-7126.72,59.44
-7310.98,47.55
-7471.47,-71.33
-7602.23,-166.43
-7762.72,-279.36
-7929.15,-386.35
-8119.35,-469.57
-8369.00,-499.29
-8594.86,-487.40
-8814.79,-392.30
-8898.00,-237.76
-8892.06,-53.50
-8880.17,148.60
-8886.12,356.63
-8951.50,683.55
-8838.56,1010.46
-8755.35,1373.04
-8618.64,1646.46
-8487.87,1925.82
-8357.11,2181.41
-8202.57,2454.83
-8101.52,2728.25
-7988.59,2954.11
-7887.54,3162.15
-7721.11,3364.24
-7530.91,3512.84
-7215.88,3417.74
-7180.22,3257.25
-7132.67,3067.05
-7007.85,2888.73
-6817.64,2781.74
-6597.72,2757.96
-6365.91,2757.96
-6169.76,2775.80
-5997.38,2805.52
-5825.01,2763.91
-5718.02,2633.14
-5563.48,2532.10
-5403.00,2330.00
-5254.40,2199.24
-5093.91,2050.64
-4951.26,1949.60
-4796.72,1860.44
-4624.35,1783.17
-4457.92,1699.95
-4374.70,1432.48
-4469.81,1236.33
-4618.40,1040.18
-4743.22,885.64
-4951.26,772.71
-5218.74,630.05
-5504.04,469.57
-5961.72,315.03
-6282.69,249.64
-6680.93,154.54
-6954.35,71.33
-7275.32,-23.78
-7477.41,-89.16
