-4698.36,-7646.01
-4712.11,-7542.82
-4691.48,-7477.47
-4646.76,-7408.68
-4574.53,-7260.78
-4491.99,-7178.23
-4354.41,-7095.69
-4278.74,-7061.29
-4175.55,-6909.95
-4051.73,-6799.89
-3986.38,-6720.78
-3893.51,-6645.11
-3752.49,-6541.93
-3618.35,-6438.74
-3535.81,-6376.83
-3442.94,-6318.36
-3336.31,-6239.25
-3191.86,-6139.51
-3068.03,-6046.64
-2964.85,-5967.53
-2871.98,-5915.94
-2734.40,-5854.03
-2514.27,-5778.36
-2373.25,-5706.13
-2252.87,-5647.66
-2156.57,-5585.75
-2046.50,-5523.84
-1915.80,-5465.36
-1750.71,-5434.41
-1664.72,-5441.29
-1589.05,-5472.24
-1482.42,-5516.96
-1396.44,-5602.94
-1348.28,-5733.65
-1296.69,-5860.91
-1282.93,-6146.39
-1241.66,-6390.59
-1207.26,-6724.22
-1165.99,-6961.55
-1131.60,-7209.19
-1110.96,-7491.23
-1135.03,-7773.27
-1224.46,-7938.36
-1289.81,-8044.99
-1348.28,-8186.01
-1444.59,-8368.30
-1582.17,-8612.51
-1692.23,-8801.68
-1785.10,-8860.15
-1915.80,-8884.23
-2046.50,-8884.23
-2297.59,-8908.30
-2452.36,-8922.06
-2607.14,-8922.06
-2737.84,-8911.74
-2999.24,-8891.11
-3174.66,-8891.11
-3384.47,-8867.03
-3497.97,-8832.63
-3632.11,-8770.72
-3755.93,-8677.86
-3879.76,-8612.51
-4020.77,-8502.44
-4182.43,-8409.58
-4302.81,-8316.71
-4402.56,-8234.16
-4502.30,-8103.46
-4567.65,-8007.15
-4626.13,-7873.01
-4657.08,-7797.34
-4674.28,-7725.12
