2417.97,2008.67
2387.01,2160.01
2352.62,2266.63
2280.39,2266.63
2166.88,2266.63
2001.79,2280.39
1902.04,2331.98
1888.29,2558.99
1912.36,2648.41
1991.47,2748.16
2166.88,2768.80
2239.11,2765.36
2335.42,2675.93
2383.57,2830.71
2376.69,2957.97
2359.50,3057.71
2362.94,3167.78
2431.73,3264.08
2641.54,3322.56
2765.36,3288.16
2882.30,3291.60
3013.00,3257.21
3143.70,3215.93
3274.40,3288.16
3367.27,3367.27
3580.52,3532.37
3776.57,3601.16
3941.67,3570.20
3972.62,3456.70
3962.30,3315.68
4017.34,3226.25
4096.44,3068.03
4178.99,2954.53
4306.25,2906.38
4388.80,2937.33
4588.29,3064.59
4743.07,3095.55
4829.06,3105.87
4904.73,2985.49
4835.94,2696.57
4818.74,2500.52
4849.69,2294.15
4849.69,2029.30
4856.57,1850.45
4804.98,1599.37
4708.67,1540.90
4560.78,1423.95
4406.00,1196.95
4309.69,1062.81
4216.83,1049.05
4093.00,1193.51
3945.11,1310.45
3821.28,1393.00
3707.78,1513.38
3535.81,1571.85
3284.72,1540.90
3219.37,1561.53
3119.63,1613.13
3009.56,1644.08
2896.06,1637.20
2865.10,1506.50
2810.07,1444.59
2730.96,1327.65
2627.78,1413.63
2528.03,1516.82
2452.36,1630.32
2435.17,1774.78
2421.41,1874.53
