1.684007250000000113e+03,8.692272499999999127e+02
1.684007250000000113e+03,1.069227249999999913e+03
1.684007250000000113e+03,1.269227249999999913e+03
1.684007250000000113e+03,1.469227249999999913e+03
1.884007250000000113e+03,1.669227249999999913e+03
1.884007250000000113e+03,1.469227249999999913e+03
1.884007250000000113e+03,1.269227249999999913e+03
1.884007250000000113e+03,1.069227249999999913e+03
1.884007250000000113e+03,8.692272499999999127e+02
1.884007250000000113e+03,6.692272499999999127e+02
2.084007250000000113e+03,4.692272499999999127e+02
2.084007250000000113e+03,6.692272499999999127e+02
2.084007250000000113e+03,8.692272499999999127e+02
2.084007250000000113e+03,1.069227249999999913e+03
2.084007250000000113e+03,1.269227249999999913e+03
2.084007250000000113e+03,1.469227249999999913e+03
2.084007250000000113e+03,1.669227249999999913e+03
2.084007250000000113e+03,1.869227249999999913e+03
2.084007250000000113e+03,2.069227249999999913e+03
2.284007250000000113e+03,2.069227249999999913e+03
2.284007250000000113e+03,1.869227249999999913e+03
2.284007250000000113e+03,1.669227249999999913e+03
2.284007250000000113e+03,1.469227249999999913e+03
2.284007250000000113e+03,1.269227249999999913e+03
2.284007250000000113e+03,1.069227249999999913e+03
2.284007250000000113e+03,8.692272499999999127e+02
2.284007250000000113e+03,6.692272499999999127e+02
2.284007250000000113e+03,4.692272499999999127e+02
2.284007250000000113e+03,2.692272499999999127e+02
2.284007250000000113e+03,6.922724999999991269e+01
2.484007250000000113e+03,6.922724999999991269e+01
2.484007250000000113e+03,2.692272499999999127e+02
2.484007250000000113e+03,4.692272499999999127e+02
2.484007250000000113e+03,6.692272499999999127e+02
2.484007250000000113e+03,8.692272499999999127e+02
2.484007250000000113e+03,1.069227249999999913e+03
2.484007250000000113e+03,1.269227249999999913e+03
2.484007250000000113e+03,1.469227249999999913e+03
2.484007250000000113e+03,1.669227249999999913e+03
2.484007250000000113e+03,1.869227249999999913e+03
2.484007250000000113e+03,2.069227249999999913e+03
2.484007250000000113e+03,2.269227249999999913e+03
2.684007250000000113e+03,2.269227249999999913e+03
2.684007250000000113e+03,2.069227249999999913e+03
2.684007250000000113e+03,1.869227249999999913e+03
2.684007250000000113e+03,1.669227249999999913e+03
2.684007250000000113e+03,1.469227249999999913e+03
2.684007250000000113e+03,1.269227249999999913e+03
2.684007250000000113e+03,1.069227249999999913e+03
2.684007250000000113e+03,8.692272499999999127e+02
2.684007250000000113e+03,6.692272499999999127e+02
2.684007250000000113e+03,4.692272499999999127e+02
2.684007250000000113e+03,2.692272499999999127e+02
2.684007250000000113e+03,6.922724999999991269e+01
2.884007250000000113e+03,6.922724999999991269e+01
2.884007250000000113e+03,2.692272499999999127e+02
2.884007250000000113e+03,4.692272499999999127e+02
2.884007250000000113e+03,6.692272499999999127e+02
2.884007250000000113e+03,8.692272499999999127e+02
2.884007250000000113e+03,1.069227249999999913e+03
2.884007250000000113e+03,1.269227249999999913e+03
2.884007250000000113e+03,1.469227249999999913e+03
2.884007250000000113e+03,1.669227249999999913e+03
2.884007250000000113e+03,1.869227249999999913e+03
2.884007250000000113e+03,2.069227249999999913e+03
2.884007250000000113e+03,2.269227249999999913e+03
3.084007250000000113e+03,2.269227249999999913e+03
3.084007250000000113e+03,2.069227249999999913e+03
3.084007250000000113e+03,1.869227249999999913e+03
3.084007250000000113e+03,1.669227249999999913e+03
3.084007250000000113e+03,1.469227249999999913e+03
3.084007250000000113e+03,1.269227249999999913e+03
3.084007250000000113e+03,1.069227249999999913e+03
3.084007250000000113e+03,8.692272499999999127e+02
3.084007250000000113e+03,6.692272499999999127e+02
3.084007250000000113e+03,4.692272499999999127e+02
3.084007250000000113e+03,2.692272499999999127e+02
3.084007250000000113e+03,6.922724999999991269e+01
3.284007250000000113e+03,6.922724999999991269e+01
3.284007250000000113e+03,2.692272499999999127e+02
3.284007250000000113e+03,4.692272499999999127e+02
3.284007250000000113e+03,6.692272499999999127e+02
3.284007250000000113e+03,8.692272499999999127e+02
3.284007250000000113e+03,1.069227249999999913e+03
3.284007250000000113e+03,1.269227249999999913e+03
3.284007250000000113e+03,1.469227249999999913e+03
3.284007250000000113e+03,1.669227249999999913e+03
3.284007250000000113e+03,1.869227249999999913e+03
3.284007250000000113e+03,2.069227249999999913e+03
3.284007250000000113e+03,2.269227249999999913e+03
3.484007250000000113e+03,2.469227249999999913e+03
3.484007250000000113e+03,2.269227249999999913e+03
3.484007250000000113e+03,2.069227249999999913e+03
3.484007250000000113e+03,1.869227249999999913e+03
3.484007250000000113e+03,1.669227249999999913e+03
3.484007250000000113e+03,1.469227249999999913e+03
3.484007250000000113e+03,1.269227249999999913e+03
3.484007250000000113e+03,1.069227249999999913e+03
3.484007250000000113e+03,8.692272499999999127e+02
3.484007250000000113e+03,6.692272499999999127e+02
3.484007250000000113e+03,4.692272499999999127e+02
3.484007250000000113e+03,2.692272499999999127e+02
3.484007250000000113e+03,6.922724999999991269e+01
3.684007250000000113e+03,-1.307727500000000873e+02
3.684007250000000113e+03,6.922724999999991269e+01
3.684007250000000113e+03,2.692272499999999127e+02
3.684007250000000113e+03,4.692272499999999127e+02
3.684007250000000113e+03,6.692272499999999127e+02
3.684007250000000113e+03,8.692272499999999127e+02
3.684007250000000113e+03,1.069227249999999913e+03
3.684007250000000113e+03,1.269227249999999913e+03
3.684007250000000113e+03,1.469227249999999913e+03
3.684007250000000113e+03,1.669227249999999913e+03
3.684007250000000113e+03,1.869227249999999913e+03
3.684007250000000113e+03,2.069227249999999913e+03
3.684007250000000113e+03,2.269227249999999913e+03
3.684007250000000113e+03,2.469227249999999913e+03
3.884007250000000113e+03,2.469227249999999913e+03
3.884007250000000113e+03,2.269227249999999913e+03
3.884007250000000113e+03,2.069227249999999913e+03
3.884007250000000113e+03,1.869227249999999913e+03
3.884007250000000113e+03,1.669227249999999913e+03
3.884007250000000113e+03,1.469227249999999913e+03
3.884007250000000113e+03,1.269227249999999913e+03
3.884007250000000113e+03,1.069227249999999913e+03
3.884007250000000113e+03,8.692272499999999127e+02
3.884007250000000113e+03,6.692272499999999127e+02
3.884007250000000113e+03,4.692272499999999127e+02
3.884007250000000113e+03,2.692272499999999127e+02
3.884007250000000113e+03,6.922724999999991269e+01
3.884007250000000113e+03,-1.307727500000000873e+02
4.084007250000000113e+03,-1.307727500000000873e+02
4.084007250000000113e+03,6.922724999999991269e+01
4.084007250000000113e+03,2.692272499999999127e+02
4.084007250000000113e+03,4.692272499999999127e+02
4.084007250000000113e+03,6.692272499999999127e+02
4.084007250000000113e+03,8.692272499999999127e+02
4.084007250000000113e+03,1.069227249999999913e+03
4.084007250000000113e+03,1.269227249999999913e+03
4.084007250000000113e+03,1.469227249999999913e+03
4.084007250000000113e+03,1.669227249999999913e+03
4.084007250000000113e+03,1.869227249999999913e+03
4.084007250000000113e+03,2.069227249999999913e+03
4.084007250000000113e+03,2.269227249999999913e+03
4.284007250000000568e+03,2.269227249999999913e+03
4.284007250000000568e+03,2.069227249999999913e+03
4.284007250000000568e+03,1.869227249999999913e+03
4.284007250000000568e+03,1.669227249999999913e+03
4.284007250000000568e+03,1.469227249999999913e+03
4.284007250000000568e+03,1.269227249999999913e+03
4.284007250000000568e+03,1.069227249999999913e+03
4.284007250000000568e+03,8.692272499999999127e+02
4.284007250000000568e+03,6.692272499999999127e+02
4.284007250000000568e+03,4.692272499999999127e+02
4.284007250000000568e+03,2.692272499999999127e+02
4.284007250000000568e+03,6.922724999999991269e+01
4.284007250000000568e+03,-1.307727500000000873e+02
4.284007250000000568e+03,-3.307727500000000873e+02
4.484007250000000568e+03,-3.307727500000000873e+02
4.484007250000000568e+03,-1.307727500000000873e+02
4.484007250000000568e+03,6.922724999999991269e+01
4.484007250000000568e+03,2.692272499999999127e+02
4.484007250000000568e+03,4.692272499999999127e+02
4.484007250000000568e+03,6.692272499999999127e+02
4.484007250000000568e+03,8.692272499999999127e+02
4.484007250000000568e+03,1.069227249999999913e+03
4.484007250000000568e+03,1.269227249999999913e+03
4.484007250000000568e+03,1.469227249999999913e+03
4.484007250000000568e+03,1.669227249999999913e+03
4.484007250000000568e+03,1.869227249999999913e+03
4.484007250000000568e+03,2.069227249999999913e+03
4.484007250000000568e+03,2.269227249999999913e+03
4.484007250000000568e+03,2.469227249999999913e+03
4.684007250000000568e+03,2.469227249999999913e+03
4.684007250000000568e+03,2.269227249999999913e+03
4.684007250000000568e+03,2.069227249999999913e+03
4.684007250000000568e+03,1.869227249999999913e+03
4.684007250000000568e+03,1.669227249999999913e+03
4.684007250000000568e+03,1.469227249999999913e+03
4.684007250000000568e+03,1.269227249999999913e+03
4.684007250000000568e+03,1.069227249999999913e+03
4.684007250000000568e+03,8.692272499999999127e+02
4.684007250000000568e+03,6.692272499999999127e+02
4.684007250000000568e+03,4.692272499999999127e+02
4.684007250000000568e+03,2.692272499999999127e+02
4.684007250000000568e+03,6.922724999999991269e+01
4.684007250000000568e+03,-1.307727500000000873e+02
4.684007250000000568e+03,-3.307727500000000873e+02
4.884007250000000568e+03,-3.307727500000000873e+02
4.884007250000000568e+03,-1.307727500000000873e+02
4.884007250000000568e+03,6.922724999999991269e+01
4.884007250000000568e+03,2.692272499999999127e+02
4.884007250000000568e+03,4.692272499999999127e+02
4.884007250000000568e+03,6.692272499999999127e+02
4.884007250000000568e+03,8.692272499999999127e+02
4.884007250000000568e+03,1.069227249999999913e+03
4.884007250000000568e+03,1.269227249999999913e+03
4.884007250000000568e+03,1.469227249999999913e+03
4.884007250000000568e+03,1.669227249999999913e+03
4.884007250000000568e+03,1.869227249999999913e+03
4.884007250000000568e+03,2.069227249999999913e+03
4.884007250000000568e+03,2.269227249999999913e+03
4.884007250000000568e+03,2.469227249999999913e+03
5.084007250000000568e+03,2.469227249999999913e+03
5.084007250000000568e+03,2.269227249999999913e+03
5.084007250000000568e+03,2.069227249999999913e+03
5.084007250000000568e+03,1.869227249999999913e+03
5.084007250000000568e+03,1.669227249999999913e+03
5.084007250000000568e+03,1.469227249999999913e+03
5.084007250000000568e+03,1.269227249999999913e+03
5.084007250000000568e+03,1.069227249999999913e+03
5.084007250000000568e+03,8.692272499999999127e+02
5.084007250000000568e+03,6.692272499999999127e+02
5.084007250000000568e+03,4.692272499999999127e+02
5.084007250000000568e+03,2.692272499999999127e+02
5.084007250000000568e+03,6.922724999999991269e+01
5.084007250000000568e+03,-1.307727500000000873e+02
5.284007250000000568e+03,-1.307727500000000873e+02
5.284007250000000568e+03,6.922724999999991269e+01
5.284007250000000568e+03,2.692272499999999127e+02
5.284007250000000568e+03,4.692272499999999127e+02
5.284007250000000568e+03,6.692272499999999127e+02
5.284007250000000568e+03,8.692272499999999127e+02
5.284007250000000568e+03,1.069227249999999913e+03
5.284007250000000568e+03,1.269227249999999913e+03
5.284007250000000568e+03,1.469227249999999913e+03
5.284007250000000568e+03,1.669227249999999913e+03
5.284007250000000568e+03,1.869227249999999913e+03
5.284007250000000568e+03,2.069227249999999913e+03
5.284007250000000568e+03,2.269227249999999913e+03
5.284007250000000568e+03,2.469227249999999913e+03
5.484007250000000568e+03,2.269227249999999913e+03
5.484007250000000568e+03,2.069227249999999913e+03
5.484007250000000568e+03,1.869227249999999913e+03
5.484007250000000568e+03,1.669227249999999913e+03
5.484007250000000568e+03,1.469227249999999913e+03
5.484007250000000568e+03,1.269227249999999913e+03
5.484007250000000568e+03,1.069227249999999913e+03
5.484007250000000568e+03,8.692272499999999127e+02
5.484007250000000568e+03,6.692272499999999127e+02
5.484007250000000568e+03,4.692272499999999127e+02
5.484007250000000568e+03,2.692272499999999127e+02
5.484007250000000568e+03,6.922724999999991269e+01
5.684007250000000568e+03,4.692272499999999127e+02
5.684007250000000568e+03,6.692272499999999127e+02
5.684007250000000568e+03,8.692272499999999127e+02
5.684007250000000568e+03,1.069227249999999913e+03
5.684007250000000568e+03,1.269227249999999913e+03
5.684007250000000568e+03,1.469227249999999913e+03
5.684007250000000568e+03,1.669227249999999913e+03
5.684007250000000568e+03,1.869227249999999913e+03
5.884007250000000568e+03,1.669227249999999913e+03
5.884007250000000568e+03,1.469227249999999913e+03
5.884007250000000568e+03,1.269227249999999913e+03
5.884007250000000568e+03,1.069227249999999913e+03
